100 5 1

196 575 205 394 270 694 321 935 133 192 
315 24 759 25 701 93 110 52 257 133 
547 361 -247 8 132 387 833 338 269 383 
528 -160 330 569 229 51 -322 478 404 124 
41 784 525 458 273 827 423 77 97 -462 
427 -357 215 606 66 -479 68 366 77 119 
93 324 298 -218 1 312 321 13 -159 -519 
386 207 -391 -153 641 137 32 731 17 191 
-436 165 170 35 366 7 -253 789 469 746 
-168 164 610 124 654 -315 535 827 -282 527 

33727 36339 36746 35213 35615 
39485

356 787 241 469 507 6 152 603 384 715 
832 370 725 95 75 433 914 945 71 91 
810 95 162 52 140 386 645 75 11 992 
440 508 252 589 769 906 603 569 636 15 
516 696 122 196 618 956 977 831 418 683 
510 151 245 96 197 657 88 346 453 416 
595 566 308 398 715 429 741 141 447 389 
948 139 173 113 901 97 59 896 496 339 
229 254 173 397 945 573 999 754 828 145 
403 804 802 38 324 906 344 98 365 100 

98 162 286 976 819 245 467 978 31 619 
56 453 106 467 948 676 399 351 24 607 
528 928 86 143 201 89 482 336 595 653 
441 785 777 767 828 748 628 637 171 510 
455 244 521 589 130 626 315 909 567 62 
936 401 445 103 920 409 296 511 820 984 
405 182 897 803 110 661 724 369 867 329 
724 205 418 236 266 852 396 66 346 854 
503 521 607 7 83 342 143 651 990 975 
51 67 29 732 485 298 889 948 871 206 

581 89 968 879 409 474 877 569 320 853 
241 577 970 889 652 753 497 812 661 219 
355 34 863 720 508 152 317 254 73 915 
837 315 604 484 797 956 315 952 681 988 
799 80 559 677 125 510 665 191 63 946 
432 75 632 887 456 71 433 18 864 191 
22 659 702 440 784 579 5 628 728 308 
213 581 353 342 150 666 66 303 212 25 
638 440 778 178 460 80 470 400 645 937 
192 6 801 692 58 14 56 933 438 928 

873 526 987 972 444 493 293 520 521 605 
607 184 933 485 609 401 416 107 289 747 
71 246 723 362 337 174 401 691 836 371 
609 263 142 544 489 777 163 886 323 359 
385 632 600 515 372 770 966 614 243 41 
41 1 887 849 707 763 495 376 275 49 
629 749 550 505 94 104 721 765 75 369 
170 840 258 480 689 90 4 783 481 763 
317 833 526 345 590 73 286 553 306 219 
128 119 722 115 726 438 457 903 353 463 

70 357 888 458 373 124 344 901 357 972 
610 167 183 620 592 579 459 815 430 613 
971 734 456 389 652 620 655 383 127 212 
570 247 52 691 894 13 593 653 782 396 
510 584 705 914 89 114 991 263 791 467 
465 429 89 834 658 268 42 73 450 730 
170 488 532 21 244 547 660 377 23 338 
427 712 95 364 942 932 913 210 522 341 
201 148 544 27 428 615 184 618 764 618 
119 409 511 995 607 377 886 292 555 262 

556 125 736 557 301 6 111 16 704 952 
408 492 163 938 315 949 670 1000 457 816 
357 495 916 852 614 161 60 382 373 570 
182 934 129 542 767 964 896 350 178 557 
975 70 226 356 404 79 833 616 575 987 
340 794 321 337 580 920 425 170 955 581 
739 622 473 789 946 499 666 546 630 997 
462 750 841 795 2 522 778 42 714 645 
855 396 768 392 141 544 847 263 325 227 
765 128 10 973 162 743 208 223 981 143 

