100 5 2

265 386 614 -135 -11 -67 263 272 -168 200 
334 606 702 -236 179 96 -73 -109 682 304 
775 110 110 -41 -136 100 560 261 302 634 
551 216 156 615 -432 -95 142 527 412 601 
-12 685 207 199 191 561 256 -72 218 -130 
514 -195 215 338 -38 170 358 330 -184 184 
577 300 147 130 -32 322 -58 242 -119 97 
420 -217 -111 -118 253 518 458 334 438 -181 
-1 362 -44 314 421 160 101 273 385 397 
370 555 635 -19 732 179 404 194 -101 498 

36577 36182 38612 37338 36798 
39485 40164 
898 137 865 892 976 857 353 15 11 215 
98 834 43 374 17 371 903 227 661 296 
519 721 111 142 513 328 983 89 893 733 
933 642 519 728 138 92 927 489 938 781 
730 104 618 917 7 405 81 560 617 214 
696 4 455 234 209 465 348 520 474 931 
383 585 54 232 827 69 511 945 588 961 
53 443 534 140 60 692 670 236 762 940 
677 483 668 777 575 120 947 296 304 543 
210 772 761 448 804 432 29 424 71 892 

703 58 931 130 191 4 65 501 240 353 
211 598 683 241 112 439 593 450 740 723 
387 245 896 28 282 785 975 906 350 712 
268 908 951 908 476 656 716 871 631 530 
326 660 326 543 252 497 619 886 389 177 
747 291 927 436 597 347 907 173 567 543 
333 959 140 576 644 286 104 63 677 950 
351 730 936 175 513 5 87 219 679 86 
474 901 641 231 732 954 199 57 227 836 
324 149 538 378 321 250 30 849 207 774 

963 713 946 429 12 560 317 138 373 871 
834 80 296 102 535 999 929 136 951 951 
770 109 198 758 78 220 569 890 759 365 
153 205 941 360 190 491 669 824 99 549 
381 252 293 747 240 835 515 435 735 45 
461 964 465 978 884 553 616 227 470 526 
644 250 749 460 836 122 524 852 648 926 
889 302 167 587 321 735 553 877 182 139 
308 82 697 800 640 536 520 942 833 176 
502 496 671 335 85 99 583 496 908 57 

399 635 464 149 36 900 772 836 188 347 
808 864 667 71 451 307 326 298 289 789 
424 338 434 206 224 29 456 603 975 938 
734 417 2 671 344 298 612 710 399 74 
728 711 714 352 842 403 643 798 955 654 
510 111 710 482 930 906 621 155 597 139 
587 239 218 852 704 561 257 878 70 802 
10 386 462 382 354 733 417 200 785 263 
592 573 321 682 186 640 246 611 353 419 
526 867 475 616 399 586 457 787 139 704 

602 456 541 474 309 123 233 358 760 843 
213 696 772 742 760 664 740 108 998 482 
770 403 465 99 784 85 679 147 310 939 
438 352 185 983 288 116 125 572 63 804 
24 215 158 928 359 658 381 440 741 445 
626 213 464 571 848 371 209 693 353 440 
550 953 810 14 114 192 603 391 399 18 
531 565 145 226 446 863 994 233 710 851 
109 708 930 38 355 501 617 140 695 217 
773 368 794 718 887 642 701 619 502 524 

556 125 736 557 301 6 111 16 704 952 
408 492 163 938 315 949 670 1000 457 816 
357 495 916 852 614 161 60 382 373 570 
182 934 129 542 767 964 896 350 178 557 
975 70 226 356 404 79 833 616 575 987 
340 794 321 337 580 920 425 170 955 581 
739 622 473 789 946 499 666 546 630 997 
462 750 841 795 2 522 778 42 714 645 
855 396 768 392 141 544 847 263 325 227 
765 128 10 973 162 743 208 223 981 143 

413 794 494 821 348 961 63 962 799 242 
352 337 111 559 889 595 914 576 312 323 
153 888 287 627 888 634 424 365 374 85 
650 265 711 204 816 595 111 707 774 138 
687 131 279 775 191 217 181 750 890 776 
484 655 662 662 995 248 718 321 533 391 
81 253 879 540 959 118 989 781 678 787 
424 721 623 833 986 141 66 983 449 654 
458 675 515 718 486 881 726 386 796 229 
398 335 624 283 182 589 153 945 272 849 


