100 5 5

301 908 726 924 823 337 814 555 311 860 
793 669 1213 425 861 736 520 486 412 725 
733 616 570 610 488 660 785 817 866 471 
609 445 653 863 809 718 483 929 497 1073 
479 700 794 970 419 1118 1020 661 470 403 
611 188 504 1008 322 162 587 574 903 432 
683 722 656 403 253 800 625 405 685 582 
719 917 568 419 796 644 449 664 672 694 
758 1009 268 361 807 327 686 783 721 794 
452 303 816 805 758 411 905 837 606 253 

33727 36339 36746 35213 35615 
39485 40164 37292 36928 32846 
356 787 241 469 507 6 152 603 384 715 
832 370 725 95 75 433 914 945 71 91 
810 95 162 52 140 386 645 75 11 992 
440 508 252 589 769 906 603 569 636 15 
516 696 122 196 618 956 977 831 418 683 
510 151 245 96 197 657 88 346 453 416 
595 566 308 398 715 429 741 141 447 389 
948 139 173 113 901 97 59 896 496 339 
229 254 173 397 945 573 999 754 828 145 
403 804 802 38 324 906 344 98 365 100 

98 162 286 976 819 245 467 978 31 619 
56 453 106 467 948 676 399 351 24 607 
528 928 86 143 201 89 482 336 595 653 
441 785 777 767 828 748 628 637 171 510 
455 244 521 589 130 626 315 909 567 62 
936 401 445 103 920 409 296 511 820 984 
405 182 897 803 110 661 724 369 867 329 
724 205 418 236 266 852 396 66 346 854 
503 521 607 7 83 342 143 651 990 975 
51 67 29 732 485 298 889 948 871 206 

581 89 968 879 409 474 877 569 320 853 
241 577 970 889 652 753 497 812 661 219 
355 34 863 720 508 152 317 254 73 915 
837 315 604 484 797 956 315 952 681 988 
799 80 559 677 125 510 665 191 63 946 
432 75 632 887 456 71 433 18 864 191 
22 659 702 440 784 579 5 628 728 308 
213 581 353 342 150 666 66 303 212 25 
638 440 778 178 460 80 470 400 645 937 
192 6 801 692 58 14 56 933 438 928 

873 526 987 972 444 493 293 520 521 605 
607 184 933 485 609 401 416 107 289 747 
71 246 723 362 337 174 401 691 836 371 
609 263 142 544 489 777 163 886 323 359 
385 632 600 515 372 770 966 614 243 41 
41 1 887 849 707 763 495 376 275 49 
629 749 550 505 94 104 721 765 75 369 
170 840 258 480 689 90 4 783 481 763 
317 833 526 345 590 73 286 553 306 219 
128 119 722 115 726 438 457 903 353 463 

70 357 888 458 373 124 344 901 357 972 
610 167 183 620 592 579 459 815 430 613 
971 734 456 389 652 620 655 383 127 212 
570 247 52 691 894 13 593 653 782 396 
510 584 705 914 89 114 991 263 791 467 
465 429 89 834 658 268 42 73 450 730 
170 488 532 21 244 547 660 377 23 338 
427 712 95 364 942 932 913 210 522 341 
201 148 544 27 428 615 184 618 764 618 
119 409 511 995 607 377 886 292 555 262 

556 125 736 557 301 6 111 16 704 952 
408 492 163 938 315 949 670 1000 457 816 
357 495 916 852 614 161 60 382 373 570 
182 934 129 542 767 964 896 350 178 557 
975 70 226 356 404 79 833 616 575 987 
340 794 321 337 580 920 425 170 955 581 
739 622 473 789 946 499 666 546 630 997 
462 750 841 795 2 522 778 42 714 645 
855 396 768 392 141 544 847 263 325 227 
765 128 10 973 162 743 208 223 981 143 

413 794 494 821 348 961 63 962 799 242 
352 337 111 559 889 595 914 576 312 323 
153 888 287 627 888 634 424 365 374 85 
650 265 711 204 816 595 111 707 774 138 
687 131 279 775 191 217 181 750 890 776 
484 655 662 662 995 248 718 321 533 391 
81 253 879 540 959 118 989 781 678 787 
424 721 623 833 986 141 66 983 449 654 
458 675 515 718 486 881 726 386 796 229 
398 335 624 283 182 589 153 945 272 849 

907 447 158 840 440 413 75 682 936 933 
753 47 488 649 475 88 464 50 485 672 
254 171 548 202 227 673 888 176 82 811 
292 522 717 592 235 398 519 987 937 12 
599 414 362 818 998 654 32 469 618 781 
944 499 860 216 499 695 231 776 121 703 
876 260 938 643 746 967 360 630 46 555 
818 52 6 331 24 328 749 206 906 346 
104 415 680 187 220 255 122 51 231 536 
897 727 782 113 947 206 566 738 733 891 

547 399 669 818 623 164 859 960 509 365 
351 949 25 197 264 678 581 500 285 422 
802 200 287 968 674 379 733 455 956 967 
829 154 902 240 70 212 878 160 900 594 
582 365 49 368 156 68 99 554 145 319 
303 423 257 348 915 905 684 562 217 471 
532 334 601 729 566 886 824 253 606 618 
418 217 153 725 701 451 402 372 820 111 
770 205 698 976 370 449 378 633 566 240 
13 689 385 319 341 863 462 630 91 525 

599 63 627 495 55 314 599 374 472 554 
946 583 359 675 87 563 150 661 58 523 
885 946 125 544 318 593 647 299 47 898 
462 502 572 556 361 385 464 105 533 83 
1 112 323 14 581 291 159 108 702 454 
251 385 537 337 675 787 970 822 528 782 
29 81 430 957 599 52 314 180 877 28 
115 483 451 434 494 849 212 520 178 354 
251 72 770 806 580 97 80 821 379 635 
508 988 748 542 41 451 87 107 658 636 

