500 5 5

-232 -107 -192 -68 540 273 852 -79 -142 -152 
-88 -226 796 493 428 301 -33 278 491 -170 
-93 348 328 -134 -205 -115 -165 640 446 -62 
317 -142 -66 -165 540 334 296 -79 -92 256 
-32 849 410 507 610 506 354 -27 -59 -131 
368 -77 -126 -152 -195 432 -261 -34 393 -166 
-75 561 -151 -309 -231 396 -24 859 -219 361 
-203 254 -10 408 -161 437 579 -160 429 -93 
-141 -7 -56 -88 581 478 -197 412 -92 508 
-69 -259 -41 709 739 -19 643 403 -22 -47 
-17 511 -43 -89 -191 574 -44 509 551 -32 
-61 -166 -119 -1 272 -190 312 535 376 373 
280 618 473 -6 328 -236 444 -20 505 -10 
694 -216 462 595 -65 640 -183 614 -94 -50 
353 -152 541 -106 763 -226 -224 -17 539 -33 
371 -37 -79 -117 -194 -169 -170 -225 -207 422 
-158 389 -196 756 513 289 413 768 -8 618 
-136 -73 303 370 580 680 -214 -242 -209 -243 
-196 771 -171 -109 803 780 403 -53 401 388 
-126 800 -241 -57 -28 -229 448 450 -51 714 
253 -41 -131 601 -27 617 -37 -23 271 391 
437 -99 468 -132 -41 -212 461 -194 -57 -158 
265 669 -132 454 -4 449 -204 267 301 521 
-24 -210 597 -90 -165 -45 320 -221 376 486 
436 -123 -186 -115 372 -195 276 417 -153 482 
-138 826 -169 -72 -69 390 -214 -74 -94 -19 
-11 -12 -8 256 -186 -46 315 -29 -70 -9 
255 -182 -15 -55 -178 -58 307 -23 309 -116 
505 -33 279 270 288 -176 586 515 323 311 
609 -78 732 404 -29 -117 -183 -58 483 -41 
384 563 327 565 511 289 -66 324 -50 -48 
293 453 502 -91 448 356 327 -179 -8 338 
460 319 710 650 429 -128 -23 354 570 -208 
508 -206 290 342 351 -97 677 -5 -88 281 
952 471 369 272 615 -37 437 -229 298 -120 
396 454 666 -194 413 435 -80 425 -111 318 
325 391 -383 384 265 -100 -235 -101 511 475 
423 258 285 419 345 318 490 -80 -44 -341 
-64 -67 303 284 300 -111 -9 518 -168 -183 
374 371 450 309 578 -124 -193 -136 729 -105 
473 420 650 537 -202 726 -209 -11 -63 -236 
475 -7 -29 524 467 -198 369 -159 446 757 
485 -17 -1 359 759 -113 704 -195 -45 -37 
-57 401 -61 -202 406 -111 415 -138 438 664 
-21 453 494 353 301 476 499 -314 314 423 
-201 -71 -249 635 311 -138 -151 278 583 -231 
-179 267 -14 -58 490 -188 543 380 -162 -5 
-159 388 -39 -179 299 323 345 -147 -150 366 
538 -121 -64 -170 633 581 -250 352 358 -49 
595 329 -103 293 331 -156 -194 374 -214 605 

123974 123850 120643 125440 125134 
125395 125381 124322 121850 123253 
356 776 957 942 483 520 951 663 349 882 
489 210 322 904 989 457 156 823 705 235 
13 719 45 962 761 716 319 806 583 546 
654 684 334 218 168 612 481 182 548 757 
51 430 303 728 569 9 463 343 506 3 
353 164 959 153 922 945 265 613 264 243 
119 961 623 150 397 342 330 799 756 602 
23 515 132 498 41 970 953 717 380 123 
592 805 763 991 632 140 305 205 337 258 
553 240 502 904 838 107 361 892 418 767 
395 682 655 186 288 983 471 848 884 373 
948 54 104 317 999 227 570 968 137 117 
160 507 427 109 202 790 325 786 250 300 
889 438 309 704 589 666 191 931 610 842 
592 392 776 40 936 315 214 346 595 301 
299 331 661 905 445 425 516 804 276 996 
832 918 54 834 76 715 905 962 257 616 
26 855 206 261 872 328 426 264 343 314 
733 107 70 980 978 915 720 262 333 200 
50 961 83 91 473 172 326 67 849 731 
110 997 837 896 142 6 179 351 956 314 
571 363 758 427 130 243 757 993 843 721 
899 76 408 784 955 545 259 699 53 256 
303 509 118 490 950 397 249 795 809 885 
583 611 169 526 880 140 864 14 319 515 
30 637 591 367 45 682 376 538 307 160 
607 10 851 480 856 431 50 357 125 794 
506 586 108 914 193 795 593 662 519 230 
496 313 210 104 609 9 521 751 554 173 
298 331 933 970 476 171 414 612 844 737 
571 781 720 525 305 511 948 426 290 481 
816 546 97 372 630 251 745 850 405 270 
832 83 463 483 335 239 562 527 551 282 
889 528 675 603 528 655 927 843 826 706 
187 461 570 964 904 434 91 933 919 970 
824 864 604 282 819 386 478 600 662 371 
74 144 459 988 653 644 180 503 470 804 
234 652 861 699 70 594 910 165 408 271 
875 826 379 269 700 548 933 69 616 840 
32 409 929 54 914 867 312 128 628 782 
870 212 596 312 14 434 3 196 619 380 
950 185 252 945 69 637 698 272 621 831 
830 812 22 687 874 92 628 182 822 119 
918 852 575 106 193 229 407 442 689 947 
207 424 868 19 748 391 831 999 380 374 
20 462 96 981 226 205 343 794 300 212 
174 986 341 417 241 214 16 212 160 339 
921 367 129 23 866 452 186 836 232 268 
44 158 586 787 213 116 564 309 742 617 
103 966 255 399 510 60 500 720 145 333 

56 277 586 624 51 363 665 893 213 720 
8 468 656 152 486 126 111 288 195 221 
992 239 72 484 779 640 52 550 959 729 
445 392 633 248 277 765 844 82 305 246 
607 860 600 38 465 805 512 526 773 409 
144 45 221 262 484 69 816 756 916 462 
972 568 796 452 90 853 521 951 124 510 
305 446 502 374 543 299 927 556 401 836 
847 927 138 303 766 973 173 290 32 172 
296 326 98 485 629 146 987 691 711 526 
250 431 809 926 92 920 78 146 706 229 
280 400 268 435 769 89 473 885 755 675 
217 614 480 244 872 184 928 529 939 738 
942 178 792 315 442 846 231 529 380 197 
210 408 989 57 870 755 870 452 631 196 
629 552 453 580 459 272 808 57 694 458 
460 506 175 706 756 324 611 933 64 2 
258 642 591 829 689 912 308 89 600 15 
40 796 515 744 250 709 393 508 928 720 
246 821 884 580 609 862 200 72 812 876 
632 513 687 321 673 917 92 333 365 708 
592 819 940 492 382 108 409 177 75 766 
698 710 153 698 141 918 772 208 618 865 
22 395 797 240 43 188 328 87 157 183 
418 420 109 16 82 620 517 460 394 1000 
232 207 788 250 302 968 821 714 433 254 
715 462 73 705 320 501 407 609 332 907 
164 359 668 106 119 405 428 596 225 647 
957 963 529 102 151 20 365 544 269 535 
991 321 708 544 508 55 249 387 491 833 
509 401 178 717 441 20 455 668 913 132 
361 550 978 224 493 908 179 156 31 530 
30 21 479 681 251 781 727 653 528 823 
942 219 586 49 814 913 426 188 653 827 
680 325 797 8 697 249 356 425 240 483 
76 597 934 117 400 717 281 999 379 739 
461 810 40 776 341 20 936 866 903 705 
880 626 923 494 262 663 946 573 983 332 
214 743 755 146 942 837 891 390 406 245 
431 352 640 653 770 624 220 936 498 225 
744 739 240 850 201 647 196 649 917 36 
942 495 653 674 412 73 606 503 255 147 
746 719 100 957 89 263 979 531 417 343 
697 133 949 835 774 235 657 480 590 831 
394 551 664 583 389 931 408 73 70 810 
196 478 629 613 921 353 119 319 987 680 
866 8 55 303 806 999 617 861 340 145 
292 104 520 636 53 687 694 90 886 571 
374 454 123 53 359 808 982 302 940 112 
747 64 713 619 875 407 35 921 378 687 

43 483 95 397 33 581 878 77 584 487 
542 255 846 739 75 656 215 102 620 594 
582 231 379 626 76 89 478 381 412 288 
64 90 300 789 646 366 28 49 610 66 
51 843 90 540 710 42 29 953 223 753 
491 517 439 109 634 656 52 480 735 424 
73 628 83 790 856 278 610 930 424 704 
585 918 62 333 95 180 13 41 824 22 
382 240 34 856 261 483 504 88 481 850 
839 233 514 541 780 690 967 161 202 739 
806 586 612 240 27 124 71 348 701 26 
773 519 899 195 705 195 394 392 846 738 
643 942 461 304 54 700 898 503 793 27 
886 774 279 808 363 57 401 539 617 23 
773 284 587 54 960 475 281 310 772 252 
915 304 98 652 594 324 911 847 582 893 
542 461 215 678 377 248 213 737 543 815 
654 675 588 247 611 41 723 622 553 313 
229 711 904 360 846 869 549 782 123 800 
447 868 862 968 524 193 693 932 170 831 
863 721 581 809 636 884 892 849 630 870 
633 507 115 330 172 362 863 167 350 430 
324 910 438 851 145 275 398 256 412 115 
179 468 439 642 119 889 227 233 878 421 
255 138 650 228 215 436 247 184 869 44 
414 748 504 673 738 843 759 30 508 603 
844 966 351 192 328 953 771 178 266 640 
186 118 456 570 748 846 137 196 58 40 
24 219 332 247 17 818 396 795 512 337 
775 929 662 419 431 426 99 950 826 437 
554 288 63 948 831 230 158 687 81 316 
701 795 767 332 89 935 341 215 163 236 
491 989 438 499 594 484 98 244 526 385 
123 921 945 201 462 495 421 407 128 880 
839 876 670 424 748 247 380 86 245 274 
655 878 994 464 754 769 264 239 969 291 
362 466 518 920 192 940 502 526 242 307 
923 280 563 490 400 88 54 749 222 234 
625 706 961 9 756 468 298 762 120 838 
523 402 335 554 188 448 103 135 936 154 
822 60 894 776 301 80 488 523 284 77 
950 644 505 831 800 332 560 392 894 463 
737 41 944 55 917 536 324 554 846 260 
683 442 129 553 410 752 389 172 936 113 
784 926 613 612 501 273 293 200 96 780 
455 656 517 606 817 307 252 148 671 13 
485 858 599 496 107 827 854 88 290 368 
144 425 568 914 882 465 53 729 495 309 
562 168 372 852 987 671 125 861 532 886 
756 170 372 777 941 602 212 376 162 695 

830 36 215 836 933 881 909 724 961 198 
631 770 903 781 126 828 498 674 557 607 
388 934 892 793 523 169 132 696 108 154 
591 214 424 918 886 137 616 585 399 476 
153 519 324 808 736 530 980 624 764 361 
664 7 430 629 174 985 242 563 997 60 
666 264 413 85 311 295 291 770 327 476 
375 539 381 839 367 527 723 15 447 775 
624 83 703 173 9 65 18 811 497 254 
63 620 272 570 914 475 397 288 41 517 
59 761 110 991 756 907 719 678 201 60 
126 851 973 961 329 867 917 492 89 599 
543 377 491 952 749 320 473 49 640 88 
374 346 708 496 427 944 520 244 508 662 
482 641 633 913 604 721 366 959 689 613 
602 709 302 142 72 514 664 522 711 271 
361 191 394 803 682 265 702 472 200 979 
263 223 158 726 369 756 134 165 39 201 
143 589 94 228 516 61 607 104 331 801 
39 564 241 165 213 382 133 804 96 677 
987 543 447 752 725 668 286 970 537 396 
739 531 229 730 348 509 755 252 455 939 
732 307 950 385 550 419 808 619 653 306 
785 695 667 208 157 290 727 346 119 644 
382 590 27 691 180 110 469 703 481 373 
448 882 668 578 958 222 153 664 787 540 
578 417 32 624 310 14 424 989 612 256 
156 594 365 995 398 841 205 952 576 388 
984 150 587 142 308 374 823 522 810 915 
229 207 220 707 581 590 189 377 448 881 
875 886 934 203 6 932 213 559 718 936 
574 242 678 153 503 343 402 373 160 998 
569 566 614 869 634 967 265 754 865 786 
830 181 686 413 76 816 417 791 303 763 
880 198 686 369 36 254 533 453 839 248 
65 930 374 9 823 653 550 910 931 3 
256 496 106 146 724 699 222 41 606 806 
365 486 59 794 920 675 194 395 876 391 
555 824 723 790 529 242 903 800 511 702 
444 722 643 371 675 519 108 66 797 749 
405 976 798 711 367 237 533 326 576 594 
437 118 390 380 333 313 626 107 303 966 
428 969 523 327 898 347 177 86 240 985 
545 845 238 909 634 231 892 262 100 986 
503 705 287 314 232 652 879 36 689 978 
174 151 31 22 368 498 253 664 581 813 
190 456 688 425 657 54 842 790 930 757 
518 817 117 354 362 234 409 64 131 454 
797 305 301 2 486 861 732 410 300 635 
94 316 776 95 541 920 37 857 789 940 

753 602 162 9 690 308 71 15 993 497 
406 97 624 608 635 816 938 174 687 968 
991 178 557 789 324 743 966 723 884 680 
780 184 913 293 961 483 88 336 453 744 
728 749 346 755 969 13 296 1000 276 873 
783 644 566 215 209 838 67 463 539 490 
525 114 982 139 98 623 930 958 998 580 
485 551 174 846 302 716 991 417 805 379 
58 559 663 869 697 809 994 719 54 471 
228 140 647 895 36 765 811 766 565 115 
4 722 6 282 794 731 483 534 676 557 
153 585 661 983 980 876 111 792 953 802 
235 439 714 859 68 527 981 205 230 356 
683 666 514 513 97 826 566 804 113 255 
598 240 893 738 365 657 713 89 130 837 
133 333 307 495 229 324 426 123 489 948 
274 944 115 586 295 777 933 790 672 922 
198 191 998 114 352 997 194 245 315 267 
736 919 143 440 710 992 324 250 722 561 
169 666 70 842 14 117 709 178 395 359 
274 627 300 688 637 363 955 707 916 867 
100 363 435 621 598 669 860 896 567 307 
781 867 565 606 259 515 316 457 474 452 
762 133 810 153 763 48 169 12 293 92 
275 100 396 129 393 65 979 906 149 937 
311 968 89 64 84 433 690 114 971 374 
672 104 482 823 858 187 946 607 611 156 
895 720 455 207 9 812 604 211 933 688 
408 530 459 201 191 785 606 923 417 14 
717 365 973 781 404 791 272 337 297 735 
571 194 688 342 920 140 142 157 418 553 
277 430 751 11 468 469 223 732 875 499 
241 745 378 422 642 131 79 506 653 203 
745 758 249 368 536 822 805 539 704 172 
780 965 226 198 961 173 809 269 217 683 
573 466 475 827 25 337 304 178 156 91 
273 538 74 573 437 454 168 138 528 36 
698 896 227 853 700 165 869 30 971 593 
261 948 313 776 565 466 514 861 941 250 
522 312 684 317 778 499 55 602 783 680 
176 648 601 331 421 931 20 390 213 752 
297 160 571 449 809 725 544 792 22 779 
130 212 698 282 878 436 980 961 615 502 
214 953 884 613 983 43 387 518 369 343 
240 730 611 259 955 642 780 792 348 619 
740 139 807 302 67 529 359 15 509 807 
221 144 460 108 926 629 964 792 205 471 
172 841 941 276 58 138 580 357 275 266 
889 525 413 716 500 298 21 692 303 94 
519 453 104 362 690 411 388 79 143 139 

556 125 736 557 301 6 111 16 704 952 
408 492 163 938 315 949 670 1000 457 816 
357 495 916 852 614 161 60 382 373 570 
182 934 129 542 767 964 896 350 178 557 
975 70 226 356 404 79 833 616 575 987 
340 794 321 337 580 920 425 170 955 581 
739 622 473 789 946 499 666 546 630 997 
462 750 841 795 2 522 778 42 714 645 
855 396 768 392 141 544 847 263 325 227 
765 128 10 973 162 743 208 223 981 143 
638 612 184 738 124 139 910 611 332 588 
634 484 555 932 55 434 396 61 23 491 
171 219 310 569 181 866 378 354 600 237 
742 631 275 83 601 167 951 771 731 474 
166 795 659 638 15 344 230 395 577 670 
807 494 420 501 862 940 974 735 991 748 
795 120 938 983 792 430 647 497 59 890 
991 810 759 588 627 59 328 386 902 650 
629 35 510 143 103 164 788 62 73 720 
379 641 573 895 783 909 310 829 38 231 
700 155 342 605 533 231 681 540 300 389 
205 748 855 420 69 931 523 458 311 678 
669 327 887 85 130 679 177 564 103 826 
110 314 623 865 985 550 69 536 61 375 
511 968 331 132 493 892 688 715 307 849 
751 454 731 469 797 327 726 625 939 280 
813 893 341 622 713 493 335 853 15 24 
43 179 335 607 850 825 303 433 288 766 
492 365 577 210 626 722 7 891 768 209 
693 238 170 9 199 530 304 294 650 898 
644 96 258 782 363 171 631 212 924 989 
780 587 987 427 221 172 11 415 415 811 
19 478 345 192 860 117 357 840 174 59 
915 348 242 554 575 323 719 797 793 839 
462 824 663 693 152 554 893 697 471 901 
614 270 581 670 911 41 868 394 579 136 
373 191 665 846 634 610 412 874 254 189 
432 904 273 466 281 108 561 85 643 461 
781 488 83 437 755 359 271 744 873 351 
146 165 670 221 703 973 90 458 63 467 
712 506 67 114 555 44 835 585 405 999 
178 239 923 775 591 89 723 111 351 281 
505 465 178 502 427 987 532 169 72 251 
850 432 539 515 892 775 386 510 394 396 
778 359 173 75 462 820 0 576 153 0 
641 882 470 412 370 34 554 207 141 312 
800 731 585 862 345 973 872 825 956 658 
560 234 805 974 585 803 222 832 460 225 
130 986 236 902 400 337 660 384 637 406 
547 171 237 569 406 253 654 868 62 80 

413 794 494 821 348 961 63 962 799 242 
352 337 111 559 889 595 914 576 312 323 
153 888 287 627 888 634 424 365 374 85 
650 265 711 204 816 595 111 707 774 138 
687 131 279 775 191 217 181 750 890 776 
484 655 662 662 995 248 718 321 533 391 
81 253 879 540 959 118 989 781 678 787 
424 721 623 833 986 141 66 983 449 654 
458 675 515 718 486 881 726 386 796 229 
398 335 624 283 182 589 153 945 272 849 
23 833 598 892 392 509 154 56 253 683 
691 744 849 588 842 417 414 173 986 750 
189 55 41 462 786 749 540 945 227 969 
14 916 608 624 125 70 948 973 638 67 
256 938 555 194 60 667 673 374 157 776 
75 371 495 404 829 876 687 556 438 709 
432 293 476 676 101 757 986 361 350 355 
733 102 261 595 409 260 956 299 615 485 
463 272 265 312 182 271 989 463 616 361 
194 855 959 24 842 19 223 298 968 361 
551 227 770 528 650 26 952 300 922 536 
603 708 222 229 623 720 879 862 770 289 
390 753 960 355 485 567 354 704 21 100 
581 609 641 503 729 314 143 984 491 371 
92 862 355 228 213 624 56 237 862 335 
166 166 63 777 27 36 859 113 109 757 
303 992 874 609 914 236 633 557 734 772 
888 190 903 564 250 533 679 602 125 982 
128 818 413 665 79 73 253 194 568 11 
96 418 713 240 871 565 597 981 389 646 
28 899 91 370 661 118 57 109 832 560 
191 160 216 798 113 970 301 241 795 568 
103 816 171 240 356 897 671 236 792 618 
536 399 560 47 336 597 91 686 549 401 
20 431 21 325 893 224 192 243 994 783 
111 687 499 117 334 527 422 605 735 36 
300 629 995 139 390 704 470 918 198 565 
525 48 326 230 794 408 944 820 837 711 
922 837 818 213 292 314 616 819 863 735 
783 268 814 680 405 639 641 97 555 667 
658 138 505 52 64 289 473 583 292 524 
465 321 723 233 123 494 713 60 421 348 
605 558 554 38 100 432 72 927 664 610 
653 600 21 776 676 474 491 259 463 52 
71 774 811 357 393 755 896 889 761 706 
428 266 793 434 842 200 911 297 609 66 
397 162 729 252 483 753 566 927 612 276 
543 751 40 365 731 527 575 999 903 573 
247 142 839 194 53 678 960 748 667 496 
147 683 793 321 557 894 375 632 938 871 

907 447 158 840 440 413 75 682 936 933 
753 47 488 649 475 88 464 50 485 672 
254 171 548 202 227 673 888 176 82 811 
292 522 717 592 235 398 519 987 937 12 
599 414 362 818 998 654 32 469 618 781 
944 499 860 216 499 695 231 776 121 703 
876 260 938 643 746 967 360 630 46 555 
818 52 6 331 24 328 749 206 906 346 
104 415 680 187 220 255 122 51 231 536 
897 727 782 113 947 206 566 738 733 891 
673 435 96 691 589 157 279 985 10 49 
976 95 981 71 504 494 635 702 386 802 
93 877 470 946 16 736 274 448 418 337 
716 801 568 306 160 713 76 360 413 563 
458 397 573 815 863 992 885 443 150 365 
185 981 117 937 448 344 783 895 820 302 
72 890 325 205 82 977 329 32 881 267 
842 802 686 747 866 893 461 838 949 413 
138 271 492 684 253 290 608 313 240 471 
162 47 690 495 255 810 968 84 431 375 
815 67 923 376 432 758 844 4 541 906 
930 148 90 531 632 145 851 749 868 744 
56 365 174 841 669 709 782 112 457 627 
171 424 371 213 650 8 719 254 412 289 
104 258 906 121 155 205 927 799 578 201 
176 766 944 127 105 32 174 293 454 863 
791 403 301 379 338 869 113 89 310 359 
381 558 30 432 753 644 70 777 237 485 
177 280 484 34 114 885 710 104 172 795 
514 476 273 806 922 983 198 326 343 579 
752 508 488 148 829 455 869 683 294 257 
692 817 816 314 264 457 375 989 976 442 
216 299 65 450 177 31 704 255 123 905 
759 805 986 687 390 597 105 378 235 155 
112 405 849 692 767 289 333 933 904 991 
365 803 587 508 958 482 483 693 359 728 
631 56 504 406 170 511 251 302 764 346 
982 760 651 81 488 643 689 231 113 938 
479 793 125 958 101 929 653 23 138 809 
653 674 518 264 196 76 645 764 761 615 
115 166 57 806 30 201 337 415 272 929 
571 577 413 162 945 919 907 768 685 133 
692 421 787 396 811 695 5 537 778 363 
626 941 814 463 611 538 879 789 665 382 
921 579 602 498 757 625 806 982 377 515 
193 845 599 280 695 308 266 537 540 951 
89 635 984 686 332 524 647 121 363 522 
956 178 567 24 38 28 400 912 847 312 
52 568 827 331 407 425 565 350 518 638 
159 303 327 810 797 147 608 39 974 128 

547 399 669 818 623 164 859 960 509 365 
351 949 25 197 264 678 581 500 285 422 
802 200 287 968 674 379 733 455 956 967 
829 154 902 240 70 212 878 160 900 594 
582 365 49 368 156 68 99 554 145 319 
303 423 257 348 915 905 684 562 217 471 
532 334 601 729 566 886 824 253 606 618 
418 217 153 725 701 451 402 372 820 111 
770 205 698 976 370 449 378 633 566 240 
13 689 385 319 341 863 462 630 91 525 
789 927 582 728 683 915 578 454 25 187 
95 523 578 599 209 957 99 626 34 54 
768 220 187 283 49 86 292 308 163 786 
303 659 915 34 856 879 318 227 754 444 
168 828 634 209 48 378 478 280 637 366 
519 209 990 623 849 292 295 655 913 854 
472 14 751 14 553 461 271 204 579 339 
190 516 492 84 468 128 570 309 1 493 
576 285 147 597 477 250 90 582 997 429 
444 322 523 883 866 657 94 125 313 63 
497 967 963 544 525 445 666 978 391 745 
286 908 94 137 797 850 564 975 249 863 
924 364 738 291 241 573 632 995 961 190 
661 990 527 700 167 522 913 518 250 58 
445 81 921 676 211 112 339 314 779 16 
123 30 634 344 716 410 774 464 564 790 
236 919 85 983 95 482 233 372 870 627 
694 798 336 852 825 182 100 73 997 318 
868 934 967 604 443 971 701 7 679 112 
131 687 383 761 594 42 6 989 124 978 
467 114 515 32 85 888 935 692 173 885 
371 79 880 707 853 40 393 752 366 137 
232 753 120 866 71 683 411 313 379 59 
580 926 326 20 969 793 354 957 293 921 
101 264 173 474 244 790 309 818 340 735 
285 807 641 573 176 360 308 298 181 338 
446 230 180 929 13 746 871 406 423 919 
527 823 20 189 826 867 189 635 694 980 
559 990 665 92 305 285 806 275 861 762 
25 284 890 262 523 693 487 617 712 233 
995 740 229 492 833 44 539 753 895 862 
112 294 569 731 138 236 149 790 16 351 
249 914 370 990 321 508 752 607 323 786 
272 816 216 873 396 443 46 338 316 707 
986 733 898 412 149 189 75 980 322 803 
449 359 268 441 426 426 558 862 914 948 
171 662 144 173 18 995 911 67 960 647 
303 123 736 275 51 469 388 351 236 617 
614 464 50 394 208 152 750 240 16 535 
260 817 526 377 389 802 636 668 499 229 

599 63 627 495 55 314 599 374 472 554 
946 583 359 675 87 563 150 661 58 523 
885 946 125 544 318 593 647 299 47 898 
462 502 572 556 361 385 464 105 533 83 
1 112 323 14 581 291 159 108 702 454 
251 385 537 337 675 787 970 822 528 782 
29 81 430 957 599 52 314 180 877 28 
115 483 451 434 494 849 212 520 178 354 
251 72 770 806 580 97 80 821 379 635 
508 988 748 542 41 451 87 107 658 636 
426 284 7 605 904 430 266 349 984 519 
726 815 953 420 971 419 875 335 294 549 
122 664 792 462 248 751 108 305 153 428 
170 769 64 554 720 618 476 25 705 986 
478 400 37 591 387 925 960 838 10 361 
756 82 824 368 784 894 505 458 976 70 
387 21 91 76 573 664 956 522 667 546 
424 891 963 202 85 764 906 368 896 607 
218 38 989 312 573 49 253 762 265 731 
820 155 966 269 934 932 477 359 979 357 
421 992 117 734 569 778 590 872 826 748 
676 881 691 728 529 821 923 169 803 896 
224 217 570 13 59 202 935 837 38 124 
719 660 114 745 903 746 579 69 852 489 
54 182 599 740 233 935 414 447 576 960 
801 339 875 750 989 780 204 946 651 249 
234 176 401 595 938 95 438 582 233 157 
914 381 160 376 551 759 761 832 733 408 
855 481 92 394 885 186 181 550 205 10 
401 965 713 884 702 646 16 171 351 676 
707 107 314 815 239 606 387 235 809 180 
44 494 183 326 35 652 619 960 14 636 
169 629 79 373 306 558 307 427 99 897 
279 329 455 20 458 959 316 753 852 776 
178 483 537 616 558 635 295 623 600 298 
884 482 11 636 2 288 54 626 713 559 
430 490 903 876 262 811 624 209 992 102 
147 557 235 713 443 359 537 157 929 884 
541 61 914 775 933 955 275 100 402 569 
612 798 189 563 628 767 285 54 398 430 
479 154 735 722 851 121 700 170 499 353 
596 895 749 736 544 612 198 925 580 409 
631 485 543 467 231 78 433 697 498 594 
878 461 413 291 617 800 540 919 805 723 
207 367 67 16 514 257 627 464 456 986 
723 632 214 66 375 632 788 215 94 422 
432 515 490 902 267 644 47 926 870 122 
550 607 560 832 342 32 840 73 341 66 
900 719 147 335 701 357 797 938 674 4 
407 516 82 741 788 530 119 228 532 420 

