500 5 5

-159 399 -164 -176 536 -169 896 -122 -91 -138 
-53 -102 590 -232 386 -14 -15 348 314 -77 
-97 -148 431 -8 -33 302 -201 506 484 -113 
455 325 -207 -62 -100 569 265 -188 326 -50 
-42 893 621 516 459 898 314 -263 -138 -60 
493 -128 -69 313 -311 365 -8 -118 -215 -39 
-77 498 -252 -203 -256 422 271 588 -231 -51 
-29 -5 321 382 390 602 298 -43 287 -104 
-117 -95 -263 -191 514 285 347 751 335 833 
-57 -235 -45 754 448 394 293 384 -14 -139 
-172 -77 509 -94 263 -5 -103 538 -107 -152 
-183 278 -67 -97 -236 -47 -52 311 464 533 
439 510 578 -98 -11 -145 -114 -14 743 338 
426 -106 511 442 -62 511 -94 610 -224 678 
509 374 -106 -224 505 -250 -202 271 491 -59 
418 -157 -100 -109 -1 268 -183 -90 -220 -47 
-207 -47 -151 340 429 470 487 482 494 336 
269 267 434 400 592 432 -17 -152 -71 -7 
305 634 301 -243 534 692 450 -103 325 329 
-225 577 -84 -243 -154 283 576 558 -63 629 
348 -52 -64 -92 -81 807 -242 -77 -133 395 
375 -72 336 -24 267 -212 -168 -237 -23 -233 
-200 589 -104 339 293 335 -199 507 403 643 
-14 -225 624 391 -261 -239 365 342 614 587 
616 -63 -20 -44 401 -88 -116 555 -178 462 
-60 656 -128 -173 429 354 -230 -253 -89 377 
-103 -98 457 -22 -15 -23 416 -240 294 -210 
-20 -220 291 -184 -13 -257 316 -249 284 -174 
-7 -45 494 609 704 -31 330 352 368 322 
762 267 526 -126 -42 287 327 415 -27 -216 
305 543 375 301 -7 -6 -104 -185 -130 -5 
-97 380 489 350 592 -79 -79 -332 676 506 
494 302 763 564 -41 -224 -77 -134 271 -129 
348 -260 -195 731 437 -211 519 -113 -22 -49 
791 566 -107 581 553 665 669 -151 -31 406 
422 402 473 351 -73 306 287 397 -85 615 
474 380 -162 301 428 -212 324 -9 575 439 
412 415 -147 424 453 367 598 302 -11 -393 
-198 -141 339 540 317 -213 -111 -33 -53 -186 
521 357 354 495 385 -10 538 -235 -60 -190 
372 526 566 505 -256 899 -59 -61 -123 -248 
-162 262 -168 603 323 -204 -19 -151 493 840 
455 -252 -136 -12 677 -55 634 -46 -251 -25 
-76 282 -23 -11 355 531 262 -165 417 557 
296 -203 317 531 267 314 267 -267 291 380 
-70 -248 -263 832 296 -54 -155 403 449 -250 
310 346 -60 -36 368 -250 476 -154 -259 -245 
-182 455 -191 -33 456 454 490 -256 -252 474 
377 -240 430 -215 667 499 -227 432 -153 331 
502 -70 -1 417 -79 -138 -124 290 -197 692 

173725 190019 186926 192737 183645 
188093 188071 186482 182775 184879 
702 840 513 157 882 341 637 175 615 464 
345 253 522 314 544 866 520 706 447 349 
562 354 235 803 336 669 510 762 463 849 
542 42 698 929 85 107 721 440 406 302 
660 548 235 982 302 944 17 947 306 64 
497 625 814 186 493 629 794 89 798 875 
735 656 448 88 239 953 762 707 16 307 
15 762 872 949 135 926 816 630 66 301 
192 175 265 283 358 23 500 920 166 357 
507 584 792 842 438 645 29 799 739 237 
167 416 922 851 451 18 410 702 240 130 
690 315 220 969 567 387 506 953 609 724 
678 17 244 905 36 704 326 537 980 202 
757 776 238 542 447 976 109 796 446 725 
733 510 290 19 940 597 540 960 2 209 
411 505 528 373 169 581 226 376 635 4 
516 429 347 597 349 533 613 890 302 9 
947 372 889 673 201 326 882 364 872 827 
878 789 595 142 125 882 531 157 482 532 
514 397 37 357 818 4 212 77 76 529 
926 379 400 51 355 364 159 28 780 564 
497 308 62 767 552 92 158 454 825 673 
283 683 286 181 382 163 36 101 435 399 
965 172 852 544 77 202 674 861 605 28 
883 647 442 218 306 822 74 227 449 691 
564 433 703 413 436 468 137 104 881 951 
218 329 735 284 466 298 267 992 448 518 
74 647 879 515 976 638 721 171 122 530 
407 416 115 700 868 611 158 17 397 731 
552 883 816 5 315 137 359 961 345 86 
403 294 343 85 200 298 693 144 549 332 
55 402 808 606 558 75 107 3 972 469 
697 212 265 488 151 634 32 186 98 467 
704 180 860 917 515 421 254 276 201 111 
317 203 170 355 244 459 830 117 501 623 
405 576 783 243 21 391 965 728 382 536 
229 514 983 465 500 723 703 80 425 951 
659 876 216 215 163 13 979 633 114 883 
560 574 313 737 909 369 139 176 60 872 
30 635 502 948 447 166 825 121 346 670 
73 284 11 575 264 104 664 415 789 703 
147 229 317 800 25 233 308 661 956 459 
434 256 40 811 950 75 303 467 4 53 
357 910 766 388 986 535 67 214 171 714 
890 701 216 739 236 549 36 224 421 342 
591 887 609 610 410 807 510 422 383 120 
725 305 814 401 584 366 864 421 130 193 
652 477 10 347 626 492 837 141 707 517 
430 94 948 69 231 501 7 480 164 902 
768 68 340 500 896 623 46 474 707 625 

246 994 938 617 84 49 232 137 1000 201 
101 265 496 53 20 645 77 33 164 565 
801 417 553 824 25 798 17 471 954 961 
598 499 869 407 333 926 26 208 675 746 
197 960 682 804 451 273 279 286 211 151 
620 447 125 329 691 627 316 200 457 418 
11 993 470 730 744 298 238 612 722 607 
146 726 28 954 851 582 711 36 515 393 
594 405 508 390 976 149 845 982 341 776 
201 888 200 660 205 967 279 603 525 762 
806 22 853 678 685 255 872 390 60 308 
307 862 312 349 366 770 474 613 768 889 
356 904 864 345 715 41 307 889 938 792 
696 809 116 381 557 2 184 311 248 973 
330 979 13 620 742 678 434 378 947 145 
995 612 672 799 998 740 722 136 759 905 
313 714 193 369 702 604 801 361 668 107 
43 650 793 160 777 860 388 320 351 351 
467 626 847 678 499 981 556 66 134 633 
633 455 820 218 320 633 890 532 450 380 
643 698 98 158 233 884 63 502 881 883 
389 241 314 622 659 112 868 811 890 267 
72 212 482 475 771 63 620 978 449 692 
847 251 436 980 348 113 106 173 584 497 
679 440 525 711 512 623 855 738 170 951 
55 398 862 938 713 164 534 241 734 892 
124 67 425 126 734 153 897 243 147 205 
604 294 597 438 134 842 524 340 108 571 
159 139 739 860 113 98 215 987 604 120 
773 510 401 100 399 420 355 721 787 923 
534 611 938 373 275 396 761 290 328 941 
641 428 945 182 567 236 105 668 963 904 
71 373 713 545 209 148 233 582 937 564 
223 178 186 711 186 174 248 908 349 894 
874 515 463 621 929 960 794 224 398 848 
182 906 381 974 467 429 524 796 480 323 
713 563 279 608 766 281 501 704 878 102 
778 839 92 836 901 493 712 657 613 166 
224 990 415 178 576 741 114 401 458 549 
476 316 812 205 266 764 379 554 282 164 
651 712 561 493 348 674 764 581 412 66 
151 750 559 671 222 240 286 793 135 886 
939 366 804 265 416 818 593 543 874 448 
250 321 113 12 914 800 292 180 947 757 
278 281 168 850 891 154 948 339 41 858 
713 652 30 663 368 674 70 266 371 489 
73 805 908 905 702 880 451 119 242 266 
130 852 686 936 825 680 148 390 792 221 
887 433 128 883 613 776 624 470 214 486 
113 26 777 688 312 442 683 734 423 691 

799 228 10 731 836 270 986 337 233 22 
131 891 73 388 365 106 471 498 46 918 
808 20 498 689 763 849 767 188 681 598 
779 867 771 587 66 986 520 595 913 100 
28 679 732 392 136 597 344 34 900 843 
887 10 244 414 375 662 781 729 433 665 
678 30 874 417 406 317 635 9 426 528 
41 58 692 146 844 722 202 75 616 722 
171 749 725 465 202 587 991 547 560 990 
181 655 19 664 225 218 233 84 996 151 
530 755 431 251 520 128 34 914 64 606 
133 876 534 71 384 572 26 299 530 518 
572 450 739 438 104 738 754 33 985 471 
286 565 704 806 854 63 858 856 886 799 
802 815 320 310 443 889 6 811 115 543 
41 400 729 148 84 328 461 262 317 500 
609 287 656 130 179 976 707 525 488 946 
769 635 624 396 696 256 867 507 522 229 
463 989 579 201 455 44 743 363 514 83 
169 676 792 794 43 759 13 705 864 782 
939 702 371 12 866 887 486 60 215 846 
641 835 725 775 761 736 381 91 28 384 
207 658 734 961 198 642 933 860 853 434 
525 625 716 421 163 714 152 591 313 712 
637 121 862 437 76 948 674 238 117 391 
804 422 147 209 837 402 467 6 369 569 
474 745 360 264 297 549 633 94 769 420 
505 548 262 396 230 571 126 324 575 354 
246 506 951 78 768 802 5 696 446 214 
869 357 14 456 212 713 371 760 54 464 
831 358 719 90 194 263 579 36 1 559 
351 542 95 451 668 680 93 572 863 883 
265 514 809 121 431 526 551 172 370 413 
785 936 273 925 618 200 745 930 757 129 
263 846 826 976 970 930 403 820 42 727 
274 650 955 146 582 325 46 219 785 723 
470 556 666 581 694 18 963 390 507 365 
699 945 758 984 993 872 613 335 461 353 
590 779 966 871 827 39 595 624 772 335 
722 324 519 926 626 505 520 68 218 590 
976 457 589 541 231 613 244 168 282 515 
857 632 843 848 604 455 634 39 576 779 
415 283 339 47 645 713 841 841 229 811 
477 534 928 549 396 773 482 373 137 374 
439 4 928 40 727 591 252 37 641 452 
38 206 72 541 780 382 184 335 806 456 
967 591 310 143 347 905 175 457 975 280 
635 418 294 564 329 691 299 735 908 823 
86 38 509 889 503 359 124 927 448 591 
33 476 468 289 613 984 961 13 231 440 

463 654 167 574 29 338 964 958 976 848 
207 670 882 11 836 75 756 360 315 931 
724 273 587 526 293 391 521 971 938 282 
419 603 824 888 495 528 269 230 522 252 
228 802 946 81 990 972 883 973 775 240 
770 985 278 861 83 261 362 923 34 893 
189 342 611 786 66 677 851 849 918 297 
779 707 424 541 400 442 40 50 835 590 
864 464 1000 98 349 524 921 834 956 748 
857 729 372 979 768 628 255 325 634 984 
320 49 758 724 756 850 166 247 177 756 
355 663 615 102 990 926 384 116 983 893 
713 34 326 261 581 736 98 498 814 440 
108 495 795 224 35 735 544 279 318 872 
753 594 964 728 52 68 123 469 881 951 
538 118 866 21 711 226 194 541 592 564 
63 166 10 355 175 709 971 132 932 526 
328 878 96 452 429 49 255 41 184 142 
702 28 572 916 239 558 686 472 25 546 
330 417 378 256 939 887 732 616 709 874 
424 55 835 633 509 979 70 617 663 309 
356 706 296 804 620 496 16 260 323 190 
99 592 641 523 494 533 200 825 482 977 
714 881 652 168 111 457 810 741 992 761 
310 233 295 104 248 189 539 793 972 350 
165 757 721 742 636 999 741 356 496 554 
417 49 697 107 72 474 901 245 486 228 
83 233 586 707 522 626 420 249 432 241 
13 590 853 661 865 444 748 536 341 696 
932 266 968 775 922 766 732 654 44 846 
769 919 550 352 245 469 493 438 653 270 
492 302 634 348 962 269 788 138 424 548 
576 590 315 872 617 787 206 35 39 763 
621 148 402 446 849 167 629 94 294 124 
995 766 158 704 387 526 772 598 418 952 
896 716 84 847 549 861 514 637 148 657 
299 321 807 991 803 666 757 990 676 462 
488 382 470 865 655 137 255 638 660 8 
195 702 717 519 866 652 11 137 557 637 
901 338 334 528 714 94 666 121 65 396 
216 757 728 786 78 989 294 623 512 963 
473 43 767 661 454 863 283 492 245 715 
848 251 864 347 634 817 159 522 361 813 
117 226 370 772 144 560 331 411 867 379 
556 157 692 358 294 20 228 985 285 927 
890 492 5 864 758 151 277 762 54 522 
534 893 810 48 154 65 496 274 645 932 
255 652 380 412 964 722 376 963 406 88 
417 821 594 12 850 619 86 244 169 709 
781 151 274 505 288 229 408 574 711 678 

252 735 586 187 337 760 873 550 589 58 
213 402 351 111 333 930 184 812 905 387 
108 73 591 185 646 481 14 98 100 770 
885 637 55 228 74 992 369 538 636 675 
484 634 120 656 815 571 557 87 15 195 
286 372 183 646 201 976 456 574 4 783 
790 197 51 126 168 276 417 874 549 385 
405 737 895 169 616 842 433 283 111 131 
864 441 85 182 146 220 198 523 257 759 
291 140 630 472 104 538 981 893 399 67 
237 317 731 96 556 833 44 447 653 166 
245 662 225 980 247 370 573 428 331 707 
273 932 922 56 132 817 645 145 328 89 
587 368 994 118 102 919 717 785 996 992 
819 444 375 855 267 630 195 984 633 277 
826 55 240 213 802 916 400 458 441 563 
783 559 30 76 362 412 639 559 600 337 
81 493 794 646 851 303 438 662 674 799 
620 7 235 209 638 642 314 599 898 994 
125 823 900 151 399 749 853 664 165 480 
407 258 226 461 644 674 660 477 161 572 
443 624 422 234 581 455 387 715 394 19 
449 329 568 606 437 705 846 676 501 104 
369 257 312 770 912 674 184 666 951 731 
302 776 119 531 753 646 288 961 382 385 
299 581 471 440 738 935 900 517 612 945 
465 342 642 651 700 787 402 169 661 437 
583 527 4 147 493 88 220 467 949 9 
801 523 533 192 738 837 308 483 999 268 
648 603 265 753 544 766 700 676 441 485 
149 267 273 513 315 244 517 358 487 530 
555 525 723 457 150 786 84 178 581 570 
727 629 531 499 13 89 500 585 182 725 
396 956 310 580 679 914 330 82 88 438 
114 970 267 853 507 739 529 796 771 886 
566 628 212 960 84 209 412 407 173 741 
459 446 884 343 402 569 625 370 587 600 
421 687 252 459 180 915 955 305 523 150 
353 689 902 968 398 309 915 108 64 530 
556 514 587 272 303 741 807 569 102 401 
596 955 821 426 111 813 22 45 377 852 
79 39 508 691 398 319 901 180 417 765 
87 425 881 295 598 857 840 744 502 147 
502 638 847 996 303 775 793 617 458 460 
295 227 154 689 509 765 565 753 81 766 
70 84 35 830 10 357 268 779 765 901 
823 249 386 363 338 260 972 118 764 525 
320 487 203 734 262 49 988 621 11 758 
42 946 833 392 514 89 441 852 580 301 
62 567 931 891 713 269 742 738 947 798 

556 125 736 557 301 6 111 16 704 952 
408 492 163 938 315 949 670 1000 457 816 
357 495 916 852 614 161 60 382 373 570 
182 934 129 542 767 964 896 350 178 557 
975 70 226 356 404 79 833 616 575 987 
340 794 321 337 580 920 425 170 955 581 
739 622 473 789 946 499 666 546 630 997 
462 750 841 795 2 522 778 42 714 645 
855 396 768 392 141 544 847 263 325 227 
765 128 10 973 162 743 208 223 981 143 
638 612 184 738 124 139 910 611 332 588 
634 484 555 932 55 434 396 61 23 491 
171 219 310 569 181 866 378 354 600 237 
742 631 275 83 601 167 951 771 731 474 
166 795 659 638 15 344 230 395 577 670 
807 494 420 501 862 940 974 735 991 748 
795 120 938 983 792 430 647 497 59 890 
991 810 759 588 627 59 328 386 902 650 
629 35 510 143 103 164 788 62 73 720 
379 641 573 895 783 909 310 829 38 231 
700 155 342 605 533 231 681 540 300 389 
205 748 855 420 69 931 523 458 311 678 
669 327 887 85 130 679 177 564 103 826 
110 314 623 865 985 550 69 536 61 375 
511 968 331 132 493 892 688 715 307 849 
751 454 731 469 797 327 726 625 939 280 
813 893 341 622 713 493 335 853 15 24 
43 179 335 607 850 825 303 433 288 766 
492 365 577 210 626 722 7 891 768 209 
693 238 170 9 199 530 304 294 650 898 
644 96 258 782 363 171 631 212 924 989 
780 587 987 427 221 172 11 415 415 811 
19 478 345 192 860 117 357 840 174 59 
915 348 242 554 575 323 719 797 793 839 
462 824 663 693 152 554 893 697 471 901 
614 270 581 670 911 41 868 394 579 136 
373 191 665 846 634 610 412 874 254 189 
432 904 273 466 281 108 561 85 643 461 
781 488 83 437 755 359 271 744 873 351 
146 165 670 221 703 973 90 458 63 467 
712 506 67 114 555 44 835 585 405 999 
178 239 923 775 591 89 723 111 351 281 
505 465 178 502 427 987 532 169 72 251 
850 432 539 515 892 775 386 510 394 396 
778 359 173 75 462 820 0 576 153 0 
641 882 470 412 370 34 554 207 141 312 
800 731 585 862 345 973 872 825 956 658 
560 234 805 974 585 803 222 832 460 225 
130 986 236 902 400 337 660 384 637 406 
547 171 237 569 406 253 654 868 62 80 

413 794 494 821 348 961 63 962 799 242 
352 337 111 559 889 595 914 576 312 323 
153 888 287 627 888 634 424 365 374 85 
650 265 711 204 816 595 111 707 774 138 
687 131 279 775 191 217 181 750 890 776 
484 655 662 662 995 248 718 321 533 391 
81 253 879 540 959 118 989 781 678 787 
424 721 623 833 986 141 66 983 449 654 
458 675 515 718 486 881 726 386 796 229 
398 335 624 283 182 589 153 945 272 849 
23 833 598 892 392 509 154 56 253 683 
691 744 849 588 842 417 414 173 986 750 
189 55 41 462 786 749 540 945 227 969 
14 916 608 624 125 70 948 973 638 67 
256 938 555 194 60 667 673 374 157 776 
75 371 495 404 829 876 687 556 438 709 
432 293 476 676 101 757 986 361 350 355 
733 102 261 595 409 260 956 299 615 485 
463 272 265 312 182 271 989 463 616 361 
194 855 959 24 842 19 223 298 968 361 
551 227 770 528 650 26 952 300 922 536 
603 708 222 229 623 720 879 862 770 289 
390 753 960 355 485 567 354 704 21 100 
581 609 641 503 729 314 143 984 491 371 
92 862 355 228 213 624 56 237 862 335 
166 166 63 777 27 36 859 113 109 757 
303 992 874 609 914 236 633 557 734 772 
888 190 903 564 250 533 679 602 125 982 
128 818 413 665 79 73 253 194 568 11 
96 418 713 240 871 565 597 981 389 646 
28 899 91 370 661 118 57 109 832 560 
191 160 216 798 113 970 301 241 795 568 
103 816 171 240 356 897 671 236 792 618 
536 399 560 47 336 597 91 686 549 401 
20 431 21 325 893 224 192 243 994 783 
111 687 499 117 334 527 422 605 735 36 
300 629 995 139 390 704 470 918 198 565 
525 48 326 230 794 408 944 820 837 711 
922 837 818 213 292 314 616 819 863 735 
783 268 814 680 405 639 641 97 555 667 
658 138 505 52 64 289 473 583 292 524 
465 321 723 233 123 494 713 60 421 348 
605 558 554 38 100 432 72 927 664 610 
653 600 21 776 676 474 491 259 463 52 
71 774 811 357 393 755 896 889 761 706 
428 266 793 434 842 200 911 297 609 66 
397 162 729 252 483 753 566 927 612 276 
543 751 40 365 731 527 575 999 903 573 
247 142 839 194 53 678 960 748 667 496 
147 683 793 321 557 894 375 632 938 871 

907 447 158 840 440 413 75 682 936 933 
753 47 488 649 475 88 464 50 485 672 
254 171 548 202 227 673 888 176 82 811 
292 522 717 592 235 398 519 987 937 12 
599 414 362 818 998 654 32 469 618 781 
944 499 860 216 499 695 231 776 121 703 
876 260 938 643 746 967 360 630 46 555 
818 52 6 331 24 328 749 206 906 346 
104 415 680 187 220 255 122 51 231 536 
897 727 782 113 947 206 566 738 733 891 
673 435 96 691 589 157 279 985 10 49 
976 95 981 71 504 494 635 702 386 802 
93 877 470 946 16 736 274 448 418 337 
716 801 568 306 160 713 76 360 413 563 
458 397 573 815 863 992 885 443 150 365 
185 981 117 937 448 344 783 895 820 302 
72 890 325 205 82 977 329 32 881 267 
842 802 686 747 866 893 461 838 949 413 
138 271 492 684 253 290 608 313 240 471 
162 47 690 495 255 810 968 84 431 375 
815 67 923 376 432 758 844 4 541 906 
930 148 90 531 632 145 851 749 868 744 
56 365 174 841 669 709 782 112 457 627 
171 424 371 213 650 8 719 254 412 289 
104 258 906 121 155 205 927 799 578 201 
176 766 944 127 105 32 174 293 454 863 
791 403 301 379 338 869 113 89 310 359 
381 558 30 432 753 644 70 777 237 485 
177 280 484 34 114 885 710 104 172 795 
514 476 273 806 922 983 198 326 343 579 
752 508 488 148 829 455 869 683 294 257 
692 817 816 314 264 457 375 989 976 442 
216 299 65 450 177 31 704 255 123 905 
759 805 986 687 390 597 105 378 235 155 
112 405 849 692 767 289 333 933 904 991 
365 803 587 508 958 482 483 693 359 728 
631 56 504 406 170 511 251 302 764 346 
982 760 651 81 488 643 689 231 113 938 
479 793 125 958 101 929 653 23 138 809 
653 674 518 264 196 76 645 764 761 615 
115 166 57 806 30 201 337 415 272 929 
571 577 413 162 945 919 907 768 685 133 
692 421 787 396 811 695 5 537 778 363 
626 941 814 463 611 538 879 789 665 382 
921 579 602 498 757 625 806 982 377 515 
193 845 599 280 695 308 266 537 540 951 
89 635 984 686 332 524 647 121 363 522 
956 178 567 24 38 28 400 912 847 312 
52 568 827 331 407 425 565 350 518 638 
159 303 327 810 797 147 608 39 974 128 

547 399 669 818 623 164 859 960 509 365 
351 949 25 197 264 678 581 500 285 422 
802 200 287 968 674 379 733 455 956 967 
829 154 902 240 70 212 878 160 900 594 
582 365 49 368 156 68 99 554 145 319 
303 423 257 348 915 905 684 562 217 471 
532 334 601 729 566 886 824 253 606 618 
418 217 153 725 701 451 402 372 820 111 
770 205 698 976 370 449 378 633 566 240 
13 689 385 319 341 863 462 630 91 525 
789 927 582 728 683 915 578 454 25 187 
95 523 578 599 209 957 99 626 34 54 
768 220 187 283 49 86 292 308 163 786 
303 659 915 34 856 879 318 227 754 444 
168 828 634 209 48 378 478 280 637 366 
519 209 990 623 849 292 295 655 913 854 
472 14 751 14 553 461 271 204 579 339 
190 516 492 84 468 128 570 309 1 493 
576 285 147 597 477 250 90 582 997 429 
444 322 523 883 866 657 94 125 313 63 
497 967 963 544 525 445 666 978 391 745 
286 908 94 137 797 850 564 975 249 863 
924 364 738 291 241 573 632 995 961 190 
661 990 527 700 167 522 913 518 250 58 
445 81 921 676 211 112 339 314 779 16 
123 30 634 344 716 410 774 464 564 790 
236 919 85 983 95 482 233 372 870 627 
694 798 336 852 825 182 100 73 997 318 
868 934 967 604 443 971 701 7 679 112 
131 687 383 761 594 42 6 989 124 978 
467 114 515 32 85 888 935 692 173 885 
371 79 880 707 853 40 393 752 366 137 
232 753 120 866 71 683 411 313 379 59 
580 926 326 20 969 793 354 957 293 921 
101 264 173 474 244 790 309 818 340 735 
285 807 641 573 176 360 308 298 181 338 
446 230 180 929 13 746 871 406 423 919 
527 823 20 189 826 867 189 635 694 980 
559 990 665 92 305 285 806 275 861 762 
25 284 890 262 523 693 487 617 712 233 
995 740 229 492 833 44 539 753 895 862 
112 294 569 731 138 236 149 790 16 351 
249 914 370 990 321 508 752 607 323 786 
272 816 216 873 396 443 46 338 316 707 
986 733 898 412 149 189 75 980 322 803 
449 359 268 441 426 426 558 862 914 948 
171 662 144 173 18 995 911 67 960 647 
303 123 736 275 51 469 388 351 236 617 
614 464 50 394 208 152 750 240 16 535 
260 817 526 377 389 802 636 668 499 229 

599 63 627 495 55 314 599 374 472 554 
946 583 359 675 87 563 150 661 58 523 
885 946 125 544 318 593 647 299 47 898 
462 502 572 556 361 385 464 105 533 83 
1 112 323 14 581 291 159 108 702 454 
251 385 537 337 675 787 970 822 528 782 
29 81 430 957 599 52 314 180 877 28 
115 483 451 434 494 849 212 520 178 354 
251 72 770 806 580 97 80 821 379 635 
508 988 748 542 41 451 87 107 658 636 
426 284 7 605 904 430 266 349 984 519 
726 815 953 420 971 419 875 335 294 549 
122 664 792 462 248 751 108 305 153 428 
170 769 64 554 720 618 476 25 705 986 
478 400 37 591 387 925 960 838 10 361 
756 82 824 368 784 894 505 458 976 70 
387 21 91 76 573 664 956 522 667 546 
424 891 963 202 85 764 906 368 896 607 
218 38 989 312 573 49 253 762 265 731 
820 155 966 269 934 932 477 359 979 357 
421 992 117 734 569 778 590 872 826 748 
676 881 691 728 529 821 923 169 803 896 
224 217 570 13 59 202 935 837 38 124 
719 660 114 745 903 746 579 69 852 489 
54 182 599 740 233 935 414 447 576 960 
801 339 875 750 989 780 204 946 651 249 
234 176 401 595 938 95 438 582 233 157 
914 381 160 376 551 759 761 832 733 408 
855 481 92 394 885 186 181 550 205 10 
401 965 713 884 702 646 16 171 351 676 
707 107 314 815 239 606 387 235 809 180 
44 494 183 326 35 652 619 960 14 636 
169 629 79 373 306 558 307 427 99 897 
279 329 455 20 458 959 316 753 852 776 
178 483 537 616 558 635 295 623 600 298 
884 482 11 636 2 288 54 626 713 559 
430 490 903 876 262 811 624 209 992 102 
147 557 235 713 443 359 537 157 929 884 
541 61 914 775 933 955 275 100 402 569 
612 798 189 563 628 767 285 54 398 430 
479 154 735 722 851 121 700 170 499 353 
596 895 749 736 544 612 198 925 580 409 
631 485 543 467 231 78 433 697 498 594 
878 461 413 291 617 800 540 919 805 723 
207 367 67 16 514 257 627 464 456 986 
723 632 214 66 375 632 788 215 94 422 
432 515 490 902 267 644 47 926 870 122 
550 607 560 832 342 32 840 73 341 66 
900 719 147 335 701 357 797 938 674 4 
407 516 82 741 788 530 119 228 532 420 

