500 5 1

961 1176 624 839 1333 1568 1049 1265 924 210 
1314 1159 1603 145 1238 799 494 204 913 541 
1062 769 909 597 652 1277 1330 1377 750 849 
1553 374 1269 760 858 352 426 929 1311 849 
393 1231 1321 1153 986 1209 782 1044 755 694 
1030 415 802 830 475 235 903 856 670 833 
369 804 1121 560 551 1115 888 642 995 497 
1068 552 574 413 1174 1149 525 1174 893 982 
664 708 379 993 1380 722 713 1142 1241 1226 
918 1396 1657 502 1230 648 1169 1359 421 1519 
1022 618 1599 736 991 1195 791 769 1115 755 
829 1172 872 299 1341 1167 1058 1194 1274 954 
1224 882 1324 711 1159 701 1095 821 680 1495 
586 1030 976 1183 855 1478 715 559 799 1398 
1573 762 712 637 1648 1251 1309 1320 451 947 
773 682 888 949 584 800 825 912 152 727 
713 1244 132 839 514 1211 740 714 1192 489 
369 397 887 1178 594 1752 1126 735 490 449 
1137 1786 753 1415 1442 1069 818 1477 1447 715 
1134 742 600 617 704 735 1237 761 1178 813 
773 1112 1387 836 1056 1012 646 870 1135 1272 
714 840 343 1256 1150 528 831 463 1317 948 
984 1023 302 1330 1412 737 1090 897 1228 376 
1348 1530 831 624 526 727 1320 1013 1734 1185 
771 482 1181 1350 1028 851 728 1042 877 568 
812 944 686 1335 740 1010 823 385 241 748 
669 253 1359 1000 759 948 988 549 1592 1235 
1406 1474 1271 1110 416 629 1085 822 992 877 
682 953 809 1097 719 495 1070 334 638 1113 
905 1544 1195 1385 1149 1064 1278 1225 824 425 
926 1430 749 874 799 1297 541 1521 537 293 
788 803 783 1188 1496 1494 1189 826 1135 500 
1335 971 945 1465 736 1454 1044 207 1230 1108 
654 1181 1112 1036 887 1356 625 783 582 750 
797 637 861 596 976 1113 688 931 1237 658 
653 1262 1051 737 534 1240 604 851 991 1277 
1205 1415 717 564 906 1026 1348 396 1469 1331 
902 364 794 1021 1054 1467 1025 1226 766 970 
854 958 1308 1177 627 1236 1367 1015 252 1248 
1444 1414 792 1096 732 914 1454 753 1386 876 
827 527 1169 1302 922 1387 420 677 947 426 
1103 1371 292 937 932 1521 902 1429 1120 1383 
653 1285 1346 836 629 307 873 1591 1604 1040 
436 1484 967 1113 528 621 870 839 804 948 
941 990 1364 1257 1279 520 1432 687 1681 1253 
835 552 542 1195 1197 1358 1095 1302 993 1036 
890 926 859 795 1439 690 552 706 447 685 
989 1190 319 373 858 855 1512 642 937 1606 
1550 593 1431 628 1259 859 893 1578 1369 774 
697 1405 930 784 1067 1068 824 649 1346 989 

196747 179966 188027 189383 180370 
188093

597 878 67 626 982 931 13 404 582 352 
576 7 707 90 357 960 702 675 345 998 
961 69 419 346 567 773 911 940 308 645 
997 494 585 503 544 113 94 426 528 825 
828 599 607 874 722 160 771 1000 948 581 
801 399 130 262 99 190 70 583 871 252 
571 775 64 16 205 999 520 82 197 475 
724 163 346 418 294 693 190 101 649 442 
838 777 71 246 543 36 962 435 968 714 
451 744 603 813 382 985 611 685 595 277 
597 901 779 954 782 361 878 240 817 561 
782 520 397 695 611 994 415 368 918 441 
933 748 436 824 870 405 560 537 698 338 
151 401 116 600 570 917 834 509 454 626 
129 724 363 40 393 688 966 900 20 841 
47 752 845 423 162 699 498 809 374 687 
569 420 127 191 12 541 147 653 636 93 
831 924 783 847 983 458 34 330 464 180 
756 807 598 255 864 234 212 842 672 48 
998 100 841 621 472 647 595 762 189 105 
70 265 904 934 795 560 171 648 807 887 
216 849 385 994 450 486 589 61 26 452 
704 291 779 784 339 12 460 496 771 377 
545 634 222 705 585 560 237 729 622 824 
642 78 350 653 489 898 187 863 366 776 
757 995 498 936 994 698 861 193 611 35 
570 337 767 248 693 941 107 593 613 361 
896 851 210 775 83 597 13 624 26 448 
514 403 644 733 550 297 325 379 416 380 
764 751 385 362 269 531 755 494 181 698 
947 233 26 704 623 610 110 956 261 579 
887 418 793 191 711 890 484 916 620 11 
524 781 543 934 664 549 405 250 192 106 
608 962 391 495 443 544 272 368 983 496 
666 11 553 597 10 843 767 724 516 715 
358 426 145 293 357 598 520 528 463 286 
764 675 739 506 225 837 980 107 991 519 
968 18 178 704 280 920 879 215 404 217 
918 686 723 799 519 499 397 791 351 5 
362 398 975 552 407 250 553 249 636 312 
354 761 182 817 950 282 421 740 622 155 
996 385 394 355 68 723 558 671 176 291 
222 291 423 764 1 546 763 306 607 565 
579 657 146 477 995 919 422 210 31 752 
208 663 474 278 935 859 609 437 918 305 
685 440 485 466 204 134 530 383 280 585 
906 456 378 52 664 740 94 914 393 718 
102 302 46 732 316 902 663 871 32 527 
999 817 773 775 619 450 828 676 994 249 
677 728 404 131 305 57 642 76 184 586 

25 416 491 148 286 505 250 298 56 134 
659 222 409 80 535 863 2 4 421 208 
33 318 458 175 875 636 495 577 793 703 
752 288 605 215 758 395 289 349 324 769 
652 768 746 637 731 884 851 537 529 190 
207 888 726 384 448 93 153 93 788 932 
341 755 607 564 477 564 94 26 695 323 
371 348 417 126 412 530 527 15 922 893 
760 146 346 292 435 999 254 147 732 925 
657 322 951 362 804 294 344 517 627 906 
48 168 775 99 73 470 250 774 99 176 
964 755 846 311 704 110 495 865 269 801 
934 628 509 290 29 340 488 317 40 436 
654 851 404 85 167 118 770 66 250 889 
729 992 744 978 765 966 238 676 681 912 
132 246 437 538 921 565 728 655 282 971 
988 288 102 948 331 963 499 692 253 17 
39 274 367 845 46 683 851 461 382 439 
514 754 108 403 746 64 100 987 639 501 
666 621 203 273 604 6 301 377 276 678 
555 499 943 443 783 737 974 485 570 222 
431 262 491 929 172 528 261 148 190 508 
332 292 601 134 294 271 191 945 834 127 
249 428 370 296 922 89 415 426 650 266 
208 207 618 354 82 196 620 836 438 576 
272 495 654 598 366 172 998 394 528 29 
354 165 491 253 987 192 641 719 912 826 
511 631 414 754 879 339 504 540 301 272 
397 971 58 428 125 442 26 592 641 363 
750 705 565 667 625 34 286 348 395 787 
202 841 479 991 197 966 244 953 181 791 
78 348 778 494 426 437 240 305 428 281 
376 737 625 766 146 266 524 146 507 227 
880 94 654 757 329 480 387 556 451 811 
746 847 368 304 885 143 427 528 777 585 
205 160 19 843 322 419 987 513 611 695 
714 597 497 855 378 624 86 267 481 538 
404 946 109 451 370 411 846 224 42 822 
183 676 308 877 906 388 944 986 182 416 
630 815 98 298 278 863 695 872 326 16 
727 2 638 733 87 107 69 134 149 415 
122 86 417 889 706 112 805 609 764 432 
109 671 574 139 445 546 957 94 669 695 
407 887 573 339 626 198 312 239 1000 272 
874 862 216 738 880 688 382 40 772 51 
453 72 46 430 986 330 666 790 137 404 
339 669 475 71 523 549 6 243 551 960 
483 587 228 156 278 535 485 65 640 334 
759 635 84 400 90 534 731 781 960 853 
119 992 955 592 994 256 673 168 589 420 

622 68 623 868 13 354 196 424 350 164 
569 929 542 816 200 257 242 278 152 148 
961 631 842 475 508 721 675 860 479 341 
813 395 780 357 308 406 84 118 489 691 
340 50 808 27 257 122 441 667 244 878 
682 350 355 324 175 117 734 233 551 633 
524 211 822 478 257 770 977 751 960 722 
613 273 759 10 246 858 400 385 384 462 
353 542 536 572 656 204 160 757 40 527 
901 984 218 833 392 93 260 939 854 720 
986 437 425 218 423 556 858 614 58 278 
541 657 497 630 946 262 806 848 237 420 
116 155 861 424 560 497 469 82 743 489 
716 89 99 679 948 989 357 584 868 521 
681 311 823 148 348 190 697 596 271 206 
245 241 88 661 48 659 677 635 698 627 
632 194 354 969 593 864 142 163 326 750 
821 65 539 534 310 945 858 263 357 13 
409 464 728 238 598 278 397 422 291 213 
361 329 65 56 112 666 893 785 833 196 
77 327 277 463 34 66 483 702 115 808 
44 754 173 485 863 73 724 388 861 716 
480 505 369 899 920 994 119 281 247 768 
546 959 25 114 347 498 692 636 989 724 
255 473 897 251 107 829 761 291 59 369 
943 267 917 390 875 698 286 152 55 649 
495 215 979 902 402 295 695 147 563 738 
644 658 854 362 369 503 883 505 167 779 
636 284 699 372 99 284 127 198 996 826 
847 632 838 133 459 886 112 46 234 418 
893 477 201 801 231 268 934 471 997 983 
528 378 229 118 202 751 184 211 307 287 
856 305 279 591 602 66 251 194 34 695 
963 582 451 30 276 865 684 437 848 682 
305 113 924 272 359 845 76 459 621 731 
537 428 883 564 384 381 939 863 555 912 
26 794 131 945 901 340 956 138 715 39 
686 90 23 46 372 757 986 58 727 513 
754 477 569 806 837 730 209 891 363 978 
433 313 454 352 305 1000 499 495 193 323 
574 233 272 213 959 774 288 544 582 646 
350 961 751 919 858 645 454 693 659 273 
209 941 887 316 128 760 301 582 93 352 
644 773 483 563 519 836 281 594 255 226 
827 112 686 578 676 835 957 120 446 725 
349 871 477 815 853 650 830 938 792 945 
659 605 596 952 876 333 587 470 980 104 
25 506 377 184 34 941 881 608 656 984 
733 320 751 132 454 504 130 763 858 190 
162 682 229 24 273 435 463 1000 418 124 

946 514 751 737 864 47 167 354 846 623 
382 941 978 200 586 929 326 985 758 679 
714 45 649 345 731 448 532 215 93 475 
46 606 890 567 520 919 663 803 487 153 
179 406 957 502 591 468 126 470 100 536 
106 69 343 717 744 749 685 21 701 396 
431 358 751 451 883 79 821 396 592 782 
106 633 312 487 373 364 651 220 426 618 
143 47 14 486 201 112 484 511 666 959 
971 497 811 473 596 460 590 475 77 927 
746 999 223 659 268 537 558 103 285 240 
94 110 184 173 720 898 256 357 695 671 
684 319 470 151 314 796 734 697 268 713 
576 153 892 622 54 54 969 228 610 638 
295 232 755 106 776 946 867 848 380 964 
753 372 34 227 959 334 996 295 28 490 
67 827 311 826 312 347 600 675 621 608 
486 306 223 357 120 565 133 166 28 65 
957 974 817 183 139 349 669 973 657 91 
966 894 964 688 441 577 260 719 180 642 
98 29 852 323 591 766 613 176 992 10 
181 621 347 809 64 240 17 188 465 574 
769 527 517 766 760 472 759 223 434 576 
131 803 94 380 539 552 893 226 515 427 
753 652 470 235 654 351 220 406 42 856 
842 54 619 635 200 922 149 659 760 156 
40 376 340 805 131 924 780 435 602 268 
122 765 641 646 438 276 654 935 104 810 
183 466 537 984 865 135 856 977 652 105 
573 415 263 566 943 257 623 693 975 593 
935 569 745 671 470 615 333 224 171 353 
473 844 769 736 613 506 746 204 804 44 
917 667 493 690 495 746 165 567 579 327 
690 533 546 34 784 657 953 951 268 207 
468 317 482 396 486 460 606 181 638 704 
452 730 648 576 753 778 872 509 14 870 
831 538 127 869 372 256 888 427 89 423 
58 464 251 996 224 849 79 501 221 217 
196 189 225 141 213 368 984 898 507 365 
513 567 107 807 726 866 253 746 256 252 
776 101 920 116 270 12 653 156 956 27 
25 933 286 434 867 179 267 883 218 840 
950 284 238 858 192 757 486 900 309 8 
641 901 269 595 701 466 719 911 737 692 
581 46 59 298 514 367 601 477 132 33 
192 349 33 921 550 366 996 779 184 762 
404 466 810 869 880 888 722 395 764 460 
995 402 314 871 226 623 697 909 507 930 
415 571 737 513 798 852 592 820 791 108 
154 357 306 233 83 454 816 500 934 199 

783 116 195 726 803 885 135 406 628 898 
914 699 620 320 926 531 724 414 828 604 
675 45 975 701 63 875 565 677 111 24 
457 518 430 253 426 832 360 311 25 485 
841 864 933 672 74 408 462 788 339 325 
971 205 103 199 85 761 698 650 912 61 
156 890 812 175 34 473 95 455 352 912 
72 116 81 558 996 304 3 35 682 11 
75 299 53 305 891 19 628 546 445 269 
794 692 702 68 454 107 435 62 91 524 
277 53 853 669 68 884 552 244 917 705 
393 578 643 431 353 613 215 256 148 784 
279 132 438 851 326 133 8 362 681 998 
853 999 990 639 880 390 266 970 601 940 
993 298 267 743 197 577 7 876 74 502 
823 10 383 328 385 618 269 197 729 403 
564 481 910 871 402 183 296 176 347 401 
926 568 464 695 449 642 631 513 632 28 
366 653 298 945 919 167 894 33 521 980 
578 39 84 93 269 861 323 964 949 34 
727 679 95 103 920 151 411 61 587 703 
163 574 273 910 855 189 789 115 842 471 
43 739 146 494 217 180 490 953 151 406 
552 621 798 534 461 250 82 226 631 894 
375 300 553 514 877 847 405 686 874 627 
359 732 780 568 962 639 683 4 222 395 
648 165 520 473 160 845 695 209 494 16 
688 685 356 679 305 575 616 42 101 795 
263 311 821 186 642 637 185 155 410 751 
824 698 628 273 669 774 157 716 950 211 
60 762 91 92 795 904 475 286 755 214 
191 525 554 1000 994 159 526 649 447 442 
70 364 745 870 804 603 984 51 341 708 
1 985 44 934 58 417 2 959 136 902 
151 83 625 459 252 212 593 548 296 916 
477 476 542 404 216 417 481 26 617 249 
7 299 337 290 302 382 133 613 962 285 
912 713 554 745 757 366 677 157 416 440 
568 823 706 648 220 421 254 641 553 558 
351 191 429 195 765 616 514 25 99 743 
403 544 210 965 541 65 339 126 821 266 
511 724 621 56 735 463 166 657 658 807 
277 983 442 814 85 251 877 945 792 87 
604 520 797 554 222 475 280 282 58 499 
420 355 550 784 561 377 563 304 958 575 
13 210 269 925 243 470 969 315 586 62 
1000 97 769 1000 56 122 461 18 67 172 
771 892 418 1000 383 500 619 849 358 972 
146 255 221 412 737 81 345 855 743 156 
283 478 201 189 809 655 836 440 918 171 

556 125 736 557 301 6 111 16 704 952 
408 492 163 938 315 949 670 1000 457 816 
357 495 916 852 614 161 60 382 373 570 
182 934 129 542 767 964 896 350 178 557 
975 70 226 356 404 79 833 616 575 987 
340 794 321 337 580 920 425 170 955 581 
739 622 473 789 946 499 666 546 630 997 
462 750 841 795 2 522 778 42 714 645 
855 396 768 392 141 544 847 263 325 227 
765 128 10 973 162 743 208 223 981 143 
638 612 184 738 124 139 910 611 332 588 
634 484 555 932 55 434 396 61 23 491 
171 219 310 569 181 866 378 354 600 237 
742 631 275 83 601 167 951 771 731 474 
166 795 659 638 15 344 230 395 577 670 
807 494 420 501 862 940 974 735 991 748 
795 120 938 983 792 430 647 497 59 890 
991 810 759 588 627 59 328 386 902 650 
629 35 510 143 103 164 788 62 73 720 
379 641 573 895 783 909 310 829 38 231 
700 155 342 605 533 231 681 540 300 389 
205 748 855 420 69 931 523 458 311 678 
669 327 887 85 130 679 177 564 103 826 
110 314 623 865 985 550 69 536 61 375 
511 968 331 132 493 892 688 715 307 849 
751 454 731 469 797 327 726 625 939 280 
813 893 341 622 713 493 335 853 15 24 
43 179 335 607 850 825 303 433 288 766 
492 365 577 210 626 722 7 891 768 209 
693 238 170 9 199 530 304 294 650 898 
644 96 258 782 363 171 631 212 924 989 
780 587 987 427 221 172 11 415 415 811 
19 478 345 192 860 117 357 840 174 59 
915 348 242 554 575 323 719 797 793 839 
462 824 663 693 152 554 893 697 471 901 
614 270 581 670 911 41 868 394 579 136 
373 191 665 846 634 610 412 874 254 189 
432 904 273 466 281 108 561 85 643 461 
781 488 83 437 755 359 271 744 873 351 
146 165 670 221 703 973 90 458 63 467 
712 506 67 114 555 44 835 585 405 999 
178 239 923 775 591 89 723 111 351 281 
505 465 178 502 427 987 532 169 72 251 
850 432 539 515 892 775 386 510 394 396 
778 359 173 75 462 820 0 576 153 0 
641 882 470 412 370 34 554 207 141 312 
800 731 585 862 345 973 872 825 956 658 
560 234 805 974 585 803 222 832 460 225 
130 986 236 902 400 337 660 384 637 406 
547 171 237 569 406 253 654 868 62 80 

