500 5 5

577 1000 555 871 980 691 617 296 558 619 
1022 956 1358 292 884 953 460 428 695 874 
932 508 859 763 747 1144 999 1201 972 358 
720 559 1023 705 642 648 398 668 427 1282 
592 868 1181 1012 705 1009 845 870 563 543 
766 436 454 909 122 188 861 703 1173 491 
801 869 747 384 313 991 634 368 894 956 
677 805 769 510 748 744 593 441 951 792 
892 1009 24 628 928 342 845 744 662 972 
1105 748 977 878 921 470 904 816 616 609 
707 758 1046 781 546 812 784 694 787 523 
673 799 600 643 909 709 708 1149 661 650 
991 947 977 822 892 683 852 740 729 592 
755 638 560 1124 1022 647 719 794 517 784 
1022 632 746 913 1221 925 793 1288 569 1025 
870 840 545 538 737 701 807 672 100 721 
683 986 529 978 687 876 363 1022 650 744 
783 586 746 921 512 969 562 535 565 552 
764 1459 840 932 1337 759 622 1157 763 363 
1297 756 266 596 417 869 952 1324 822 826 
420 637 605 553 865 542 419 699 690 616 
252 818 615 1386 594 400 467 463 715 648 
579 791 812 1251 831 384 501 687 1101 669 
555 974 807 415 738 649 720 821 1065 1025 
715 663 562 873 1158 831 726 742 360 901 
1044 804 559 926 829 1139 850 795 698 264 
742 369 749 859 624 1002 1014 754 1201 940 
510 912 946 686 758 793 866 691 443 844 
640 585 992 994 826 600 791 1114 1014 818 
1295 1004 937 775 631 841 1154 908 1042 343 
638 802 827 1036 1019 868 546 875 865 881 
992 878 646 743 984 969 1042 405 777 548 
1211 760 1342 1289 1028 944 743 822 639 754 
738 604 614 1096 675 885 682 641 639 926 
1159 535 879 364 630 632 1052 738 486 733 
588 834 866 556 767 698 1196 908 912 792 
640 767 258 631 651 549 652 391 1120 503 
1002 364 466 781 557 997 1015 790 328 471 
463 764 510 736 807 635 1030 1086 670 429 
895 939 503 626 514 923 775 792 603 791 
702 509 934 890 747 919 756 648 933 187 
542 883 359 871 850 645 715 1133 657 903 
356 925 854 657 635 933 1050 767 907 737 
757 698 722 916 776 841 725 544 797 594 
912 385 455 994 832 621 738 150 976 347 
456 707 630 1271 636 700 1040 1035 897 799 
807 741 923 739 1010 739 431 648 597 688 
491 813 455 1059 476 955 710 972 832 1107 
769 862 926 611 1082 613 479 1195 1165 710 
681 1130 892 433 869 619 1030 557 664 905 

196747 179966 188027 189383 180370 
188093 188071 186482 182775 184879 
597 878 67 626 982 931 13 404 582 352 
576 7 707 90 357 960 702 675 345 998 
961 69 419 346 567 773 911 940 308 645 
997 494 585 503 544 113 94 426 528 825 
828 599 607 874 722 160 771 1000 948 581 
801 399 130 262 99 190 70 583 871 252 
571 775 64 16 205 999 520 82 197 475 
724 163 346 418 294 693 190 101 649 442 
838 777 71 246 543 36 962 435 968 714 
451 744 603 813 382 985 611 685 595 277 
597 901 779 954 782 361 878 240 817 561 
782 520 397 695 611 994 415 368 918 441 
933 748 436 824 870 405 560 537 698 338 
151 401 116 600 570 917 834 509 454 626 
129 724 363 40 393 688 966 900 20 841 
47 752 845 423 162 699 498 809 374 687 
569 420 127 191 12 541 147 653 636 93 
831 924 783 847 983 458 34 330 464 180 
756 807 598 255 864 234 212 842 672 48 
998 100 841 621 472 647 595 762 189 105 
70 265 904 934 795 560 171 648 807 887 
216 849 385 994 450 486 589 61 26 452 
704 291 779 784 339 12 460 496 771 377 
545 634 222 705 585 560 237 729 622 824 
642 78 350 653 489 898 187 863 366 776 
757 995 498 936 994 698 861 193 611 35 
570 337 767 248 693 941 107 593 613 361 
896 851 210 775 83 597 13 624 26 448 
514 403 644 733 550 297 325 379 416 380 
764 751 385 362 269 531 755 494 181 698 
947 233 26 704 623 610 110 956 261 579 
887 418 793 191 711 890 484 916 620 11 
524 781 543 934 664 549 405 250 192 106 
608 962 391 495 443 544 272 368 983 496 
666 11 553 597 10 843 767 724 516 715 
358 426 145 293 357 598 520 528 463 286 
764 675 739 506 225 837 980 107 991 519 
968 18 178 704 280 920 879 215 404 217 
918 686 723 799 519 499 397 791 351 5 
362 398 975 552 407 250 553 249 636 312 
354 761 182 817 950 282 421 740 622 155 
996 385 394 355 68 723 558 671 176 291 
222 291 423 764 1 546 763 306 607 565 
579 657 146 477 995 919 422 210 31 752 
208 663 474 278 935 859 609 437 918 305 
685 440 485 466 204 134 530 383 280 585 
906 456 378 52 664 740 94 914 393 718 
102 302 46 732 316 902 663 871 32 527 
999 817 773 775 619 450 828 676 994 249 
677 728 404 131 305 57 642 76 184 586 

25 416 491 148 286 505 250 298 56 134 
659 222 409 80 535 863 2 4 421 208 
33 318 458 175 875 636 495 577 793 703 
752 288 605 215 758 395 289 349 324 769 
652 768 746 637 731 884 851 537 529 190 
207 888 726 384 448 93 153 93 788 932 
341 755 607 564 477 564 94 26 695 323 
371 348 417 126 412 530 527 15 922 893 
760 146 346 292 435 999 254 147 732 925 
657 322 951 362 804 294 344 517 627 906 
48 168 775 99 73 470 250 774 99 176 
964 755 846 311 704 110 495 865 269 801 
934 628 509 290 29 340 488 317 40 436 
654 851 404 85 167 118 770 66 250 889 
729 992 744 978 765 966 238 676 681 912 
132 246 437 538 921 565 728 655 282 971 
988 288 102 948 331 963 499 692 253 17 
39 274 367 845 46 683 851 461 382 439 
514 754 108 403 746 64 100 987 639 501 
666 621 203 273 604 6 301 377 276 678 
555 499 943 443 783 737 974 485 570 222 
431 262 491 929 172 528 261 148 190 508 
332 292 601 134 294 271 191 945 834 127 
249 428 370 296 922 89 415 426 650 266 
208 207 618 354 82 196 620 836 438 576 
272 495 654 598 366 172 998 394 528 29 
354 165 491 253 987 192 641 719 912 826 
511 631 414 754 879 339 504 540 301 272 
397 971 58 428 125 442 26 592 641 363 
750 705 565 667 625 34 286 348 395 787 
202 841 479 991 197 966 244 953 181 791 
78 348 778 494 426 437 240 305 428 281 
376 737 625 766 146 266 524 146 507 227 
880 94 654 757 329 480 387 556 451 811 
746 847 368 304 885 143 427 528 777 585 
205 160 19 843 322 419 987 513 611 695 
714 597 497 855 378 624 86 267 481 538 
404 946 109 451 370 411 846 224 42 822 
183 676 308 877 906 388 944 986 182 416 
630 815 98 298 278 863 695 872 326 16 
727 2 638 733 87 107 69 134 149 415 
122 86 417 889 706 112 805 609 764 432 
109 671 574 139 445 546 957 94 669 695 
407 887 573 339 626 198 312 239 1000 272 
874 862 216 738 880 688 382 40 772 51 
453 72 46 430 986 330 666 790 137 404 
339 669 475 71 523 549 6 243 551 960 
483 587 228 156 278 535 485 65 640 334 
759 635 84 400 90 534 731 781 960 853 
119 992 955 592 994 256 673 168 589 420 

622 68 623 868 13 354 196 424 350 164 
569 929 542 816 200 257 242 278 152 148 
961 631 842 475 508 721 675 860 479 341 
813 395 780 357 308 406 84 118 489 691 
340 50 808 27 257 122 441 667 244 878 
682 350 355 324 175 117 734 233 551 633 
524 211 822 478 257 770 977 751 960 722 
613 273 759 10 246 858 400 385 384 462 
353 542 536 572 656 204 160 757 40 527 
901 984 218 833 392 93 260 939 854 720 
986 437 425 218 423 556 858 614 58 278 
541 657 497 630 946 262 806 848 237 420 
116 155 861 424 560 497 469 82 743 489 
716 89 99 679 948 989 357 584 868 521 
681 311 823 148 348 190 697 596 271 206 
245 241 88 661 48 659 677 635 698 627 
632 194 354 969 593 864 142 163 326 750 
821 65 539 534 310 945 858 263 357 13 
409 464 728 238 598 278 397 422 291 213 
361 329 65 56 112 666 893 785 833 196 
77 327 277 463 34 66 483 702 115 808 
44 754 173 485 863 73 724 388 861 716 
480 505 369 899 920 994 119 281 247 768 
546 959 25 114 347 498 692 636 989 724 
255 473 897 251 107 829 761 291 59 369 
943 267 917 390 875 698 286 152 55 649 
495 215 979 902 402 295 695 147 563 738 
644 658 854 362 369 503 883 505 167 779 
636 284 699 372 99 284 127 198 996 826 
847 632 838 133 459 886 112 46 234 418 
893 477 201 801 231 268 934 471 997 983 
528 378 229 118 202 751 184 211 307 287 
856 305 279 591 602 66 251 194 34 695 
963 582 451 30 276 865 684 437 848 682 
305 113 924 272 359 845 76 459 621 731 
537 428 883 564 384 381 939 863 555 912 
26 794 131 945 901 340 956 138 715 39 
686 90 23 46 372 757 986 58 727 513 
754 477 569 806 837 730 209 891 363 978 
433 313 454 352 305 1000 499 495 193 323 
574 233 272 213 959 774 288 544 582 646 
350 961 751 919 858 645 454 693 659 273 
209 941 887 316 128 760 301 582 93 352 
644 773 483 563 519 836 281 594 255 226 
827 112 686 578 676 835 957 120 446 725 
349 871 477 815 853 650 830 938 792 945 
659 605 596 952 876 333 587 470 980 104 
25 506 377 184 34 941 881 608 656 984 
733 320 751 132 454 504 130 763 858 190 
162 682 229 24 273 435 463 1000 418 124 

946 514 751 737 864 47 167 354 846 623 
382 941 978 200 586 929 326 985 758 679 
714 45 649 345 731 448 532 215 93 475 
46 606 890 567 520 919 663 803 487 153 
179 406 957 502 591 468 126 470 100 536 
106 69 343 717 744 749 685 21 701 396 
431 358 751 451 883 79 821 396 592 782 
106 633 312 487 373 364 651 220 426 618 
143 47 14 486 201 112 484 511 666 959 
971 497 811 473 596 460 590 475 77 927 
746 999 223 659 268 537 558 103 285 240 
94 110 184 173 720 898 256 357 695 671 
684 319 470 151 314 796 734 697 268 713 
576 153 892 622 54 54 969 228 610 638 
295 232 755 106 776 946 867 848 380 964 
753 372 34 227 959 334 996 295 28 490 
67 827 311 826 312 347 600 675 621 608 
486 306 223 357 120 565 133 166 28 65 
957 974 817 183 139 349 669 973 657 91 
966 894 964 688 441 577 260 719 180 642 
98 29 852 323 591 766 613 176 992 10 
181 621 347 809 64 240 17 188 465 574 
769 527 517 766 760 472 759 223 434 576 
131 803 94 380 539 552 893 226 515 427 
753 652 470 235 654 351 220 406 42 856 
842 54 619 635 200 922 149 659 760 156 
40 376 340 805 131 924 780 435 602 268 
122 765 641 646 438 276 654 935 104 810 
183 466 537 984 865 135 856 977 652 105 
573 415 263 566 943 257 623 693 975 593 
935 569 745 671 470 615 333 224 171 353 
473 844 769 736 613 506 746 204 804 44 
917 667 493 690 495 746 165 567 579 327 
690 533 546 34 784 657 953 951 268 207 
468 317 482 396 486 460 606 181 638 704 
452 730 648 576 753 778 872 509 14 870 
831 538 127 869 372 256 888 427 89 423 
58 464 251 996 224 849 79 501 221 217 
196 189 225 141 213 368 984 898 507 365 
513 567 107 807 726 866 253 746 256 252 
776 101 920 116 270 12 653 156 956 27 
25 933 286 434 867 179 267 883 218 840 
950 284 238 858 192 757 486 900 309 8 
641 901 269 595 701 466 719 911 737 692 
581 46 59 298 514 367 601 477 132 33 
192 349 33 921 550 366 996 779 184 762 
404 466 810 869 880 888 722 395 764 460 
995 402 314 871 226 623 697 909 507 930 
415 571 737 513 798 852 592 820 791 108 
154 357 306 233 83 454 816 500 934 199 

783 116 195 726 803 885 135 406 628 898 
914 699 620 320 926 531 724 414 828 604 
675 45 975 701 63 875 565 677 111 24 
457 518 430 253 426 832 360 311 25 485 
841 864 933 672 74 408 462 788 339 325 
971 205 103 199 85 761 698 650 912 61 
156 890 812 175 34 473 95 455 352 912 
72 116 81 558 996 304 3 35 682 11 
75 299 53 305 891 19 628 546 445 269 
794 692 702 68 454 107 435 62 91 524 
277 53 853 669 68 884 552 244 917 705 
393 578 643 431 353 613 215 256 148 784 
279 132 438 851 326 133 8 362 681 998 
853 999 990 639 880 390 266 970 601 940 
993 298 267 743 197 577 7 876 74 502 
823 10 383 328 385 618 269 197 729 403 
564 481 910 871 402 183 296 176 347 401 
926 568 464 695 449 642 631 513 632 28 
366 653 298 945 919 167 894 33 521 980 
578 39 84 93 269 861 323 964 949 34 
727 679 95 103 920 151 411 61 587 703 
163 574 273 910 855 189 789 115 842 471 
43 739 146 494 217 180 490 953 151 406 
552 621 798 534 461 250 82 226 631 894 
375 300 553 514 877 847 405 686 874 627 
359 732 780 568 962 639 683 4 222 395 
648 165 520 473 160 845 695 209 494 16 
688 685 356 679 305 575 616 42 101 795 
263 311 821 186 642 637 185 155 410 751 
824 698 628 273 669 774 157 716 950 211 
60 762 91 92 795 904 475 286 755 214 
191 525 554 1000 994 159 526 649 447 442 
70 364 745 870 804 603 984 51 341 708 
1 985 44 934 58 417 2 959 136 902 
151 83 625 459 252 212 593 548 296 916 
477 476 542 404 216 417 481 26 617 249 
7 299 337 290 302 382 133 613 962 285 
912 713 554 745 757 366 677 157 416 440 
568 823 706 648 220 421 254 641 553 558 
351 191 429 195 765 616 514 25 99 743 
403 544 210 965 541 65 339 126 821 266 
511 724 621 56 735 463 166 657 658 807 
277 983 442 814 85 251 877 945 792 87 
604 520 797 554 222 475 280 282 58 499 
420 355 550 784 561 377 563 304 958 575 
13 210 269 925 243 470 969 315 586 62 
1000 97 769 1000 56 122 461 18 67 172 
771 892 418 1000 383 500 619 849 358 972 
146 255 221 412 737 81 345 855 743 156 
283 478 201 189 809 655 836 440 918 171 

556 125 736 557 301 6 111 16 704 952 
408 492 163 938 315 949 670 1000 457 816 
357 495 916 852 614 161 60 382 373 570 
182 934 129 542 767 964 896 350 178 557 
975 70 226 356 404 79 833 616 575 987 
340 794 321 337 580 920 425 170 955 581 
739 622 473 789 946 499 666 546 630 997 
462 750 841 795 2 522 778 42 714 645 
855 396 768 392 141 544 847 263 325 227 
765 128 10 973 162 743 208 223 981 143 
638 612 184 738 124 139 910 611 332 588 
634 484 555 932 55 434 396 61 23 491 
171 219 310 569 181 866 378 354 600 237 
742 631 275 83 601 167 951 771 731 474 
166 795 659 638 15 344 230 395 577 670 
807 494 420 501 862 940 974 735 991 748 
795 120 938 983 792 430 647 497 59 890 
991 810 759 588 627 59 328 386 902 650 
629 35 510 143 103 164 788 62 73 720 
379 641 573 895 783 909 310 829 38 231 
700 155 342 605 533 231 681 540 300 389 
205 748 855 420 69 931 523 458 311 678 
669 327 887 85 130 679 177 564 103 826 
110 314 623 865 985 550 69 536 61 375 
511 968 331 132 493 892 688 715 307 849 
751 454 731 469 797 327 726 625 939 280 
813 893 341 622 713 493 335 853 15 24 
43 179 335 607 850 825 303 433 288 766 
492 365 577 210 626 722 7 891 768 209 
693 238 170 9 199 530 304 294 650 898 
644 96 258 782 363 171 631 212 924 989 
780 587 987 427 221 172 11 415 415 811 
19 478 345 192 860 117 357 840 174 59 
915 348 242 554 575 323 719 797 793 839 
462 824 663 693 152 554 893 697 471 901 
614 270 581 670 911 41 868 394 579 136 
373 191 665 846 634 610 412 874 254 189 
432 904 273 466 281 108 561 85 643 461 
781 488 83 437 755 359 271 744 873 351 
146 165 670 221 703 973 90 458 63 467 
712 506 67 114 555 44 835 585 405 999 
178 239 923 775 591 89 723 111 351 281 
505 465 178 502 427 987 532 169 72 251 
850 432 539 515 892 775 386 510 394 396 
778 359 173 75 462 820 0 576 153 0 
641 882 470 412 370 34 554 207 141 312 
800 731 585 862 345 973 872 825 956 658 
560 234 805 974 585 803 222 832 460 225 
130 986 236 902 400 337 660 384 637 406 
547 171 237 569 406 253 654 868 62 80 

413 794 494 821 348 961 63 962 799 242 
352 337 111 559 889 595 914 576 312 323 
153 888 287 627 888 634 424 365 374 85 
650 265 711 204 816 595 111 707 774 138 
687 131 279 775 191 217 181 750 890 776 
484 655 662 662 995 248 718 321 533 391 
81 253 879 540 959 118 989 781 678 787 
424 721 623 833 986 141 66 983 449 654 
458 675 515 718 486 881 726 386 796 229 
398 335 624 283 182 589 153 945 272 849 
23 833 598 892 392 509 154 56 253 683 
691 744 849 588 842 417 414 173 986 750 
189 55 41 462 786 749 540 945 227 969 
14 916 608 624 125 70 948 973 638 67 
256 938 555 194 60 667 673 374 157 776 
75 371 495 404 829 876 687 556 438 709 
432 293 476 676 101 757 986 361 350 355 
733 102 261 595 409 260 956 299 615 485 
463 272 265 312 182 271 989 463 616 361 
194 855 959 24 842 19 223 298 968 361 
551 227 770 528 650 26 952 300 922 536 
603 708 222 229 623 720 879 862 770 289 
390 753 960 355 485 567 354 704 21 100 
581 609 641 503 729 314 143 984 491 371 
92 862 355 228 213 624 56 237 862 335 
166 166 63 777 27 36 859 113 109 757 
303 992 874 609 914 236 633 557 734 772 
888 190 903 564 250 533 679 602 125 982 
128 818 413 665 79 73 253 194 568 11 
96 418 713 240 871 565 597 981 389 646 
28 899 91 370 661 118 57 109 832 560 
191 160 216 798 113 970 301 241 795 568 
103 816 171 240 356 897 671 236 792 618 
536 399 560 47 336 597 91 686 549 401 
20 431 21 325 893 224 192 243 994 783 
111 687 499 117 334 527 422 605 735 36 
300 629 995 139 390 704 470 918 198 565 
525 48 326 230 794 408 944 820 837 711 
922 837 818 213 292 314 616 819 863 735 
783 268 814 680 405 639 641 97 555 667 
658 138 505 52 64 289 473 583 292 524 
465 321 723 233 123 494 713 60 421 348 
605 558 554 38 100 432 72 927 664 610 
653 600 21 776 676 474 491 259 463 52 
71 774 811 357 393 755 896 889 761 706 
428 266 793 434 842 200 911 297 609 66 
397 162 729 252 483 753 566 927 612 276 
543 751 40 365 731 527 575 999 903 573 
247 142 839 194 53 678 960 748 667 496 
147 683 793 321 557 894 375 632 938 871 

907 447 158 840 440 413 75 682 936 933 
753 47 488 649 475 88 464 50 485 672 
254 171 548 202 227 673 888 176 82 811 
292 522 717 592 235 398 519 987 937 12 
599 414 362 818 998 654 32 469 618 781 
944 499 860 216 499 695 231 776 121 703 
876 260 938 643 746 967 360 630 46 555 
818 52 6 331 24 328 749 206 906 346 
104 415 680 187 220 255 122 51 231 536 
897 727 782 113 947 206 566 738 733 891 
673 435 96 691 589 157 279 985 10 49 
976 95 981 71 504 494 635 702 386 802 
93 877 470 946 16 736 274 448 418 337 
716 801 568 306 160 713 76 360 413 563 
458 397 573 815 863 992 885 443 150 365 
185 981 117 937 448 344 783 895 820 302 
72 890 325 205 82 977 329 32 881 267 
842 802 686 747 866 893 461 838 949 413 
138 271 492 684 253 290 608 313 240 471 
162 47 690 495 255 810 968 84 431 375 
815 67 923 376 432 758 844 4 541 906 
930 148 90 531 632 145 851 749 868 744 
56 365 174 841 669 709 782 112 457 627 
171 424 371 213 650 8 719 254 412 289 
104 258 906 121 155 205 927 799 578 201 
176 766 944 127 105 32 174 293 454 863 
791 403 301 379 338 869 113 89 310 359 
381 558 30 432 753 644 70 777 237 485 
177 280 484 34 114 885 710 104 172 795 
514 476 273 806 922 983 198 326 343 579 
752 508 488 148 829 455 869 683 294 257 
692 817 816 314 264 457 375 989 976 442 
216 299 65 450 177 31 704 255 123 905 
759 805 986 687 390 597 105 378 235 155 
112 405 849 692 767 289 333 933 904 991 
365 803 587 508 958 482 483 693 359 728 
631 56 504 406 170 511 251 302 764 346 
982 760 651 81 488 643 689 231 113 938 
479 793 125 958 101 929 653 23 138 809 
653 674 518 264 196 76 645 764 761 615 
115 166 57 806 30 201 337 415 272 929 
571 577 413 162 945 919 907 768 685 133 
692 421 787 396 811 695 5 537 778 363 
626 941 814 463 611 538 879 789 665 382 
921 579 602 498 757 625 806 982 377 515 
193 845 599 280 695 308 266 537 540 951 
89 635 984 686 332 524 647 121 363 522 
956 178 567 24 38 28 400 912 847 312 
52 568 827 331 407 425 565 350 518 638 
159 303 327 810 797 147 608 39 974 128 

547 399 669 818 623 164 859 960 509 365 
351 949 25 197 264 678 581 500 285 422 
802 200 287 968 674 379 733 455 956 967 
829 154 902 240 70 212 878 160 900 594 
582 365 49 368 156 68 99 554 145 319 
303 423 257 348 915 905 684 562 217 471 
532 334 601 729 566 886 824 253 606 618 
418 217 153 725 701 451 402 372 820 111 
770 205 698 976 370 449 378 633 566 240 
13 689 385 319 341 863 462 630 91 525 
789 927 582 728 683 915 578 454 25 187 
95 523 578 599 209 957 99 626 34 54 
768 220 187 283 49 86 292 308 163 786 
303 659 915 34 856 879 318 227 754 444 
168 828 634 209 48 378 478 280 637 366 
519 209 990 623 849 292 295 655 913 854 
472 14 751 14 553 461 271 204 579 339 
190 516 492 84 468 128 570 309 1 493 
576 285 147 597 477 250 90 582 997 429 
444 322 523 883 866 657 94 125 313 63 
497 967 963 544 525 445 666 978 391 745 
286 908 94 137 797 850 564 975 249 863 
924 364 738 291 241 573 632 995 961 190 
661 990 527 700 167 522 913 518 250 58 
445 81 921 676 211 112 339 314 779 16 
123 30 634 344 716 410 774 464 564 790 
236 919 85 983 95 482 233 372 870 627 
694 798 336 852 825 182 100 73 997 318 
868 934 967 604 443 971 701 7 679 112 
131 687 383 761 594 42 6 989 124 978 
467 114 515 32 85 888 935 692 173 885 
371 79 880 707 853 40 393 752 366 137 
232 753 120 866 71 683 411 313 379 59 
580 926 326 20 969 793 354 957 293 921 
101 264 173 474 244 790 309 818 340 735 
285 807 641 573 176 360 308 298 181 338 
446 230 180 929 13 746 871 406 423 919 
527 823 20 189 826 867 189 635 694 980 
559 990 665 92 305 285 806 275 861 762 
25 284 890 262 523 693 487 617 712 233 
995 740 229 492 833 44 539 753 895 862 
112 294 569 731 138 236 149 790 16 351 
249 914 370 990 321 508 752 607 323 786 
272 816 216 873 396 443 46 338 316 707 
986 733 898 412 149 189 75 980 322 803 
449 359 268 441 426 426 558 862 914 948 
171 662 144 173 18 995 911 67 960 647 
303 123 736 275 51 469 388 351 236 617 
614 464 50 394 208 152 750 240 16 535 
260 817 526 377 389 802 636 668 499 229 

599 63 627 495 55 314 599 374 472 554 
946 583 359 675 87 563 150 661 58 523 
885 946 125 544 318 593 647 299 47 898 
462 502 572 556 361 385 464 105 533 83 
1 112 323 14 581 291 159 108 702 454 
251 385 537 337 675 787 970 822 528 782 
29 81 430 957 599 52 314 180 877 28 
115 483 451 434 494 849 212 520 178 354 
251 72 770 806 580 97 80 821 379 635 
508 988 748 542 41 451 87 107 658 636 
426 284 7 605 904 430 266 349 984 519 
726 815 953 420 971 419 875 335 294 549 
122 664 792 462 248 751 108 305 153 428 
170 769 64 554 720 618 476 25 705 986 
478 400 37 591 387 925 960 838 10 361 
756 82 824 368 784 894 505 458 976 70 
387 21 91 76 573 664 956 522 667 546 
424 891 963 202 85 764 906 368 896 607 
218 38 989 312 573 49 253 762 265 731 
820 155 966 269 934 932 477 359 979 357 
421 992 117 734 569 778 590 872 826 748 
676 881 691 728 529 821 923 169 803 896 
224 217 570 13 59 202 935 837 38 124 
719 660 114 745 903 746 579 69 852 489 
54 182 599 740 233 935 414 447 576 960 
801 339 875 750 989 780 204 946 651 249 
234 176 401 595 938 95 438 582 233 157 
914 381 160 376 551 759 761 832 733 408 
855 481 92 394 885 186 181 550 205 10 
401 965 713 884 702 646 16 171 351 676 
707 107 314 815 239 606 387 235 809 180 
44 494 183 326 35 652 619 960 14 636 
169 629 79 373 306 558 307 427 99 897 
279 329 455 20 458 959 316 753 852 776 
178 483 537 616 558 635 295 623 600 298 
884 482 11 636 2 288 54 626 713 559 
430 490 903 876 262 811 624 209 992 102 
147 557 235 713 443 359 537 157 929 884 
541 61 914 775 933 955 275 100 402 569 
612 798 189 563 628 767 285 54 398 430 
479 154 735 722 851 121 700 170 499 353 
596 895 749 736 544 612 198 925 580 409 
631 485 543 467 231 78 433 697 498 594 
878 461 413 291 617 800 540 919 805 723 
207 367 67 16 514 257 627 464 456 986 
723 632 214 66 375 632 788 215 94 422 
432 515 490 902 267 644 47 926 870 122 
550 607 560 832 342 32 840 73 341 66 
900 719 147 335 701 357 797 938 674 4 
407 516 82 741 788 530 119 228 532 420 

