250 5 5

-118 -196 -67 -237 418 268 599 -222 -92 -225 
-10 -63 564 556 458 -116 -93 280 364 -178 
-164 316 -114 -236 -49 -29 285 607 407 -142 
286 -193 -48 -157 417 482 374 -23 -118 444 
579 567 686 248 466 544 559 -154 -119 -197 
555 -115 -183 -23 -271 -219 -136 -58 275 -184 
-82 540 -86 -79 -124 339 299 426 -95 298 
305 -87 360 382 -169 349 452 -14 352 307 
-191 -98 -31 -216 659 702 -146 371 494 526 
-141 -45 -250 422 711 367 -28 301 -87 -187 
-147 -25 -56 -35 -234 -49 -225 598 586 286 
-149 -121 -39 -131 -123 -56 526 257 345 298 
408 -1 346 -281 563 -76 -101 249 377 -80 
295 -147 -88 513 295 556 384 536 -37 279 
436 -161 399 -159 712 -76 -57 -43 484 290 
290 260 -112 -128 -226 -33 -347 -39 -184 399 
-1 355 564 442 522 -33 -18 605 627 255 
270 -120 -91 629 560 814 -20 468 -183 -114 
289 610 267 -165 729 413 481 -231 315 452 
-89 485 -97 -218 -1 -125 286 597 -116 499 
-137 -111 256 521 -32 508 273 -104 -191 320 
316 -158 479 -77 263 -138 292 -16 -195 -165 
-140 678 343 402 -2 311 -186 385 373 549 
-171 -119 602 264 -89 -22 629 -198 541 643 
564 -7 374 566 849 -220 -45 583 -149 566 

94426 89840 87512 95798 92823 
96316 96120 92941 90613 92847 
785 51 304 860 852 451 353 127 642 664 
667 523 599 433 528 454 126 136 498 540 
49 227 27 542 521 252 542 586 676 887 
297 541 793 510 839 867 340 135 88 107 
682 200 775 499 124 384 806 335 755 141 
892 856 160 365 10 382 609 421 985 77 
810 186 411 681 889 19 555 370 304 611 
870 133 912 728 342 784 954 85 210 667 
493 600 655 255 679 818 629 472 996 818 
18 866 183 232 175 828 347 562 932 15 
896 8 731 221 430 472 239 330 587 881 
756 212 764 160 91 409 486 261 84 356 
82 322 882 7 938 760 84 656 814 218 
97 659 260 6 577 443 635 127 683 65 
510 436 419 552 369 638 384 358 453 843 
374 706 571 910 536 301 371 59 667 427 
938 771 987 599 460 68 966 535 999 557 
538 660 363 196 975 400 874 785 293 421 
372 342 692 786 704 29 749 525 466 736 
180 766 975 406 257 409 17 906 27 289 
602 491 780 997 242 92 930 60 457 217 
763 896 492 478 566 916 328 759 241 197 
663 879 910 425 253 706 140 874 137 89 
383 857 524 896 568 467 932 441 586 661 
597 23 385 822 980 826 483 848 595 885 

307 278 395 897 106 213 941 727 516 218 
254 200 387 751 990 69 639 133 439 509 
208 225 78 922 329 910 228 746 428 622 
497 287 893 472 708 285 584 64 205 622 
913 713 951 72 959 611 759 545 376 573 
925 416 92 601 61 267 713 386 548 615 
185 406 330 84 356 227 644 484 119 275 
359 247 738 535 36 624 211 365 895 957 
348 105 541 529 797 765 472 649 465 216 
244 593 33 191 927 260 403 199 699 789 
288 198 250 857 512 372 238 560 822 836 
70 176 931 722 127 536 612 749 545 525 
698 41 5 390 981 635 263 736 384 251 
287 513 395 80 31 876 635 656 276 601 
665 210 492 402 917 929 908 374 624 480 
655 750 404 550 277 40 69 912 82 831 
532 297 513 519 7 763 228 897 922 26 
21 19 180 725 210 844 977 972 635 298 
651 712 946 652 687 333 126 55 832 632 
968 33 959 616 938 687 189 678 907 143 
302 564 803 637 766 519 342 37 200 540 
211 117 771 556 634 424 299 263 375 266 
608 921 809 767 424 71 345 218 805 385 
667 311 583 629 638 527 392 318 314 222 
482 65 230 654 560 251 776 426 103 420 

537 58 922 341 334 321 800 432 438 328 
679 731 252 728 220 556 532 618 218 676 
621 574 438 187 276 750 396 327 730 720 
379 92 42 830 105 738 573 454 607 977 
841 15 666 766 406 354 783 123 111 549 
203 39 368 134 493 58 547 100 613 975 
162 237 753 847 548 766 979 857 632 790 
476 196 403 602 119 288 249 390 485 80 
757 48 36 912 425 877 487 270 540 112 
579 978 111 838 31 157 94 371 633 267 
222 426 456 551 195 654 421 763 438 132 
657 460 544 628 205 927 506 484 907 927 
600 51 160 177 385 557 598 774 16 164 
419 126 55 553 707 252 672 829 918 477 
700 811 809 736 695 585 925 76 394 730 
354 341 62 660 482 309 401 594 21 657 
498 218 416 491 452 68 268 481 516 263 
520 847 603 827 30 586 659 230 141 176 
481 327 308 31 486 772 706 700 341 548 
213 744 484 620 969 242 339 34 60 863 
863 179 867 346 19 517 55 435 106 963 
133 168 391 692 129 263 585 234 183 271 
767 187 966 946 839 778 990 83 646 683 
419 70 535 585 97 108 660 80 270 451 
862 201 373 591 892 872 360 812 757 447 

602 302 774 448 256 918 114 117 814 382 
676 112 257 910 46 506 608 558 7 188 
936 778 206 607 596 804 825 548 586 357 
628 58 611 433 298 435 634 526 317 845 
578 562 501 121 437 7 594 749 832 16 
451 610 200 232 874 470 107 63 29 639 
342 860 277 571 890 128 347 418 69 608 
912 489 914 409 338 445 632 889 605 443 
163 394 847 586 316 445 290 21 633 448 
256 393 45 487 936 739 78 979 466 536 
641 750 283 593 485 66 633 452 697 596 
190 499 559 428 966 755 957 185 567 116 
704 166 258 67 223 383 293 330 152 402 
806 930 77 974 271 486 684 268 212 911 
370 144 614 846 709 750 573 389 139 268 
271 92 878 483 627 477 284 437 28 967 
512 709 590 306 754 817 939 815 935 113 
970 293 265 757 899 963 28 816 813 233 
829 181 428 837 907 558 564 446 283 975 
206 754 893 36 813 376 624 791 734 476 
157 288 107 935 342 170 991 114 733 441 
367 894 36 694 981 557 881 142 267 662 
389 606 882 348 224 343 608 947 590 617 
867 919 1000 72 895 412 978 329 985 884 
304 267 986 917 720 246 330 479 78 812 

314 982 186 610 32 724 1 253 880 763 
133 989 695 677 677 410 911 628 965 616 
737 337 181 829 262 13 953 788 332 608 
578 273 352 197 369 779 320 338 911 680 
374 505 149 116 803 232 367 999 106 728 
903 465 255 623 603 254 91 526 686 482 
761 739 191 587 798 964 515 113 866 271 
443 198 137 484 413 110 928 687 276 733 
432 951 344 210 540 681 307 496 442 505 
519 998 619 213 987 875 442 178 80 356 
15 315 349 673 57 181 583 898 797 395 
109 29 449 242 415 237 974 460 524 633 
353 398 630 450 593 928 838 921 846 63 
167 460 261 813 876 863 862 779 424 314 
826 259 834 199 789 712 428 832 935 234 
519 570 938 52 913 156 59 28 810 566 
713 852 993 121 558 197 1 354 280 559 
123 469 351 968 682 915 156 874 41 564 
718 755 284 108 148 19 841 485 81 512 
765 8 747 105 190 474 82 380 268 624 
184 272 974 147 164 993 382 905 791 639 
556 209 843 398 843 101 703 716 533 477 
180 324 64 576 260 85 501 705 391 361 
181 442 213 70 154 411 282 359 926 793 
309 624 926 752 983 251 715 534 699 726 

556 125 736 557 301 6 111 16 704 952 
408 492 163 938 315 949 670 1000 457 816 
357 495 916 852 614 161 60 382 373 570 
182 934 129 542 767 964 896 350 178 557 
975 70 226 356 404 79 833 616 575 987 
340 794 321 337 580 920 425 170 955 581 
739 622 473 789 946 499 666 546 630 997 
462 750 841 795 2 522 778 42 714 645 
855 396 768 392 141 544 847 263 325 227 
765 128 10 973 162 743 208 223 981 143 
638 612 184 738 124 139 910 611 332 588 
634 484 555 932 55 434 396 61 23 491 
171 219 310 569 181 866 378 354 600 237 
742 631 275 83 601 167 951 771 731 474 
166 795 659 638 15 344 230 395 577 670 
807 494 420 501 862 940 974 735 991 748 
795 120 938 983 792 430 647 497 59 890 
991 810 759 588 627 59 328 386 902 650 
629 35 510 143 103 164 788 62 73 720 
379 641 573 895 783 909 310 829 38 231 
700 155 342 605 533 231 681 540 300 389 
205 748 855 420 69 931 523 458 311 678 
669 327 887 85 130 679 177 564 103 826 
110 314 623 865 985 550 69 536 61 375 
511 968 331 132 493 892 688 715 307 849 

413 794 494 821 348 961 63 962 799 242 
352 337 111 559 889 595 914 576 312 323 
153 888 287 627 888 634 424 365 374 85 
650 265 711 204 816 595 111 707 774 138 
687 131 279 775 191 217 181 750 890 776 
484 655 662 662 995 248 718 321 533 391 
81 253 879 540 959 118 989 781 678 787 
424 721 623 833 986 141 66 983 449 654 
458 675 515 718 486 881 726 386 796 229 
398 335 624 283 182 589 153 945 272 849 
23 833 598 892 392 509 154 56 253 683 
691 744 849 588 842 417 414 173 986 750 
189 55 41 462 786 749 540 945 227 969 
14 916 608 624 125 70 948 973 638 67 
256 938 555 194 60 667 673 374 157 776 
75 371 495 404 829 876 687 556 438 709 
432 293 476 676 101 757 986 361 350 355 
733 102 261 595 409 260 956 299 615 485 
463 272 265 312 182 271 989 463 616 361 
194 855 959 24 842 19 223 298 968 361 
551 227 770 528 650 26 952 300 922 536 
603 708 222 229 623 720 879 862 770 289 
390 753 960 355 485 567 354 704 21 100 
581 609 641 503 729 314 143 984 491 371 
92 862 355 228 213 624 56 237 862 335 

907 447 158 840 440 413 75 682 936 933 
753 47 488 649 475 88 464 50 485 672 
254 171 548 202 227 673 888 176 82 811 
292 522 717 592 235 398 519 987 937 12 
599 414 362 818 998 654 32 469 618 781 
944 499 860 216 499 695 231 776 121 703 
876 260 938 643 746 967 360 630 46 555 
818 52 6 331 24 328 749 206 906 346 
104 415 680 187 220 255 122 51 231 536 
897 727 782 113 947 206 566 738 733 891 
673 435 96 691 589 157 279 985 10 49 
976 95 981 71 504 494 635 702 386 802 
93 877 470 946 16 736 274 448 418 337 
716 801 568 306 160 713 76 360 413 563 
458 397 573 815 863 992 885 443 150 365 
185 981 117 937 448 344 783 895 820 302 
72 890 325 205 82 977 329 32 881 267 
842 802 686 747 866 893 461 838 949 413 
138 271 492 684 253 290 608 313 240 471 
162 47 690 495 255 810 968 84 431 375 
815 67 923 376 432 758 844 4 541 906 
930 148 90 531 632 145 851 749 868 744 
56 365 174 841 669 709 782 112 457 627 
171 424 371 213 650 8 719 254 412 289 
104 258 906 121 155 205 927 799 578 201 

547 399 669 818 623 164 859 960 509 365 
351 949 25 197 264 678 581 500 285 422 
802 200 287 968 674 379 733 455 956 967 
829 154 902 240 70 212 878 160 900 594 
582 365 49 368 156 68 99 554 145 319 
303 423 257 348 915 905 684 562 217 471 
532 334 601 729 566 886 824 253 606 618 
418 217 153 725 701 451 402 372 820 111 
770 205 698 976 370 449 378 633 566 240 
13 689 385 319 341 863 462 630 91 525 
789 927 582 728 683 915 578 454 25 187 
95 523 578 599 209 957 99 626 34 54 
768 220 187 283 49 86 292 308 163 786 
303 659 915 34 856 879 318 227 754 444 
168 828 634 209 48 378 478 280 637 366 
519 209 990 623 849 292 295 655 913 854 
472 14 751 14 553 461 271 204 579 339 
190 516 492 84 468 128 570 309 1 493 
576 285 147 597 477 250 90 582 997 429 
444 322 523 883 866 657 94 125 313 63 
497 967 963 544 525 445 666 978 391 745 
286 908 94 137 797 850 564 975 249 863 
924 364 738 291 241 573 632 995 961 190 
661 990 527 700 167 522 913 518 250 58 
445 81 921 676 211 112 339 314 779 16 

599 63 627 495 55 314 599 374 472 554 
946 583 359 675 87 563 150 661 58 523 
885 946 125 544 318 593 647 299 47 898 
462 502 572 556 361 385 464 105 533 83 
1 112 323 14 581 291 159 108 702 454 
251 385 537 337 675 787 970 822 528 782 
29 81 430 957 599 52 314 180 877 28 
115 483 451 434 494 849 212 520 178 354 
251 72 770 806 580 97 80 821 379 635 
508 988 748 542 41 451 87 107 658 636 
426 284 7 605 904 430 266 349 984 519 
726 815 953 420 971 419 875 335 294 549 
122 664 792 462 248 751 108 305 153 428 
170 769 64 554 720 618 476 25 705 986 
478 400 37 591 387 925 960 838 10 361 
756 82 824 368 784 894 505 458 976 70 
387 21 91 76 573 664 956 522 667 546 
424 891 963 202 85 764 906 368 896 607 
218 38 989 312 573 49 253 762 265 731 
820 155 966 269 934 932 477 359 979 357 
421 992 117 734 569 778 590 872 826 748 
676 881 691 728 529 821 923 169 803 896 
224 217 570 13 59 202 935 837 38 124 
719 660 114 745 903 746 579 69 852 489 
54 182 599 740 233 935 414 447 576 960 

