250 10 5

501 741 995 567 586 756 904 918 602 1006 
815 471 885 781 771 732 426 614 389 167 
591 915 458 1095 550 1027 489 282 621 690 
857 348 160 752 859 501 810 842 656 698 
588 331 781 534 916 337 766 841 726 740 
476 750 453 986 656 598 330 907 666 795 
809 915 676 653 747 749 771 754 632 630 
708 554 883 591 946 367 547 351 495 276 
700 637 837 441 371 669 321 758 470 505 
848 937 740 465 733 741 282 262 767 679 
539 368 565 269 600 687 722 507 642 426 
693 610 891 686 752 593 690 226 676 673 
969 471 707 835 679 960 207 468 415 840 
786 715 399 781 938 775 1099 904 667 744 
647 496 582 560 631 630 673 311 661 751 
547 679 512 719 296 621 333 876 721 864 
1272 985 1064 720 668 451 622 419 836 668 
1214 522 818 477 697 319 694 776 878 925 
872 639 1023 552 415 465 867 695 465 481 
240 711 699 732 534 858 437 406 572 512 
610 1057 729 445 465 920 328 669 557 460 
575 723 870 638 634 446 829 749 763 469 
335 561 910 396 1121 815 712 503 400 489 
971 787 790 402 231 714 999 1024 606 768 
546 873 814 315 516 963 777 656 799 958 

89681 91855 91677 91081 98185 96401 97838 92540 92834 96925 

92918 94743 93704 86737 91461 
443 130 358 113 187 784 775 470 847 755 
475 275 56 979 787 149 139 428 334 285 
662 430 350 629 321 193 774 404 400 758 
333 729 626 6 895 704 235 931 535 439 
833 184 214 928 441 26 186 381 192 547 
360 253 936 971 504 328 8 605 498 956 
595 794 852 869 76 40 600 758 158 264 
415 42 837 242 217 529 123 785 240 499 
228 526 479 206 161 613 173 24 510 82 
985 76 578 953 717 268 289 160 683 34 
611 662 472 542 626 368 418 838 166 7 
403 57 24 731 235 714 617 717 326 134 
792 887 963 484 422 389 680 246 161 408 
558 444 266 502 352 971 64 955 802 303 
881 405 260 142 596 874 683 801 366 675 
60 840 920 469 600 588 982 676 157 660 
990 470 386 892 812 423 64 201 256 738 
794 61 668 955 523 682 286 85 321 713 
491 142 525 704 430 388 575 21 130 422 
852 741 237 379 767 666 489 563 209 712 
633 566 24 703 408 432 424 678 681 602 
924 83 157 736 2 589 24 84 778 566 
827 37 365 25 304 350 349 279 855 88 
977 985 867 239 405 277 836 806 394 432 
458 850 171 304 550 406 131 895 273 876 

71 767 513 351 888 120 454 480 684 234 
721 431 689 643 263 365 753 751 168 611 
387 858 771 60 24 687 102 299 376 166 
215 965 64 784 714 300 436 170 424 441 
836 651 212 983 489 309 525 735 932 549 
174 343 18 403 172 650 417 232 100 357 
97 411 754 199 803 305 745 14 155 928 
582 89 845 410 707 169 649 754 292 254 
245 551 707 531 191 587 76 146 727 627 
80 485 942 317 498 305 617 403 164 883 
316 217 462 391 727 775 667 213 264 975 
372 706 974 558 105 735 241 3 140 724 
843 17 363 155 223 339 688 124 507 372 
851 564 710 933 771 732 706 771 574 530 
792 885 206 522 142 825 255 707 26 81 
650 673 91 768 356 30 76 472 500 680 
983 198 238 512 563 740 610 72 749 572 
924 337 816 397 937 247 213 832 598 766 
64 559 761 697 80 402 716 111 996 849 
277 804 766 784 774 376 921 446 789 554 
802 812 300 578 744 30 110 73 698 979 
358 961 701 244 631 76 90 126 114 822 
537 375 995 513 320 795 459 604 658 628 
212 435 783 578 534 997 575 608 668 71 
247 586 309 604 103 16 516 273 681 908 

79 154 682 795 335 703 85 509 308 372 
308 932 22 851 822 647 779 297 207 795 
723 195 786 966 245 38 103 59 608 865 
317 101 386 596 702 924 608 149 941 968 
657 887 928 384 227 49 557 713 202 983 
822 560 556 42 989 118 278 568 590 398 
268 844 278 511 827 364 231 114 63 741 
48 131 859 622 6 775 4 230 70 466 
756 518 270 941 383 559 198 194 999 298 
810 895 488 778 748 172 51 473 795 861 
579 12 6 646 817 544 318 969 464 634 
951 512 712 168 453 284 51 104 270 338 
857 60 140 952 499 882 655 35 417 668 
979 661 509 381 391 617 220 351 305 903 
888 220 233 150 358 691 172 540 344 686 
38 382 546 717 244 272 93 556 438 508 
142 957 728 619 68 678 290 836 307 537 
925 119 419 525 460 129 767 111 516 965 
679 888 308 79 317 861 218 935 71 778 
211 919 689 612 112 374 640 544 233 552 
335 862 570 931 673 733 617 658 563 182 
235 352 175 248 97 635 968 886 214 558 
96 170 364 821 843 400 492 174 546 571 
722 932 111 48 458 258 899 908 198 866 
921 454 674 867 352 108 397 252 315 910 

208 827 1 237 731 220 867 890 428 571 
505 462 775 136 227 613 860 324 281 529 
908 103 265 439 465 984 131 764 480 977 
726 318 607 504 553 130 118 46 649 841 
464 189 174 34 846 476 828 805 712 426 
634 653 427 643 108 219 440 710 600 857 
522 154 354 990 341 420 385 651 847 914 
790 47 112 725 72 750 137 720 73 674 
774 930 478 751 410 214 977 64 183 661 
782 675 211 512 135 837 1 711 368 405 
676 896 978 97 404 177 192 492 822 93 
443 226 165 278 198 176 259 998 648 815 
478 757 101 618 210 234 324 268 234 890 
470 723 342 289 684 546 500 387 389 946 
286 505 433 502 367 213 649 160 813 100 
522 271 629 991 382 733 929 727 425 954 
818 467 364 275 94 540 628 208 919 34 
223 752 194 326 324 37 914 319 551 583 
424 81 479 265 835 425 384 717 447 553 
495 297 119 332 121 614 386 552 619 164 
775 799 655 664 344 843 715 400 8 20 
329 668 651 956 950 893 122 965 500 610 
891 496 141 495 867 140 214 172 115 455 
480 526 539 504 813 544 121 801 454 655 
135 741 39 824 800 197 151 978 641 50 

593 636 295 26 988 244 612 155 818 28 
225 296 819 365 506 511 455 905 45 166 
710 362 216 817 904 803 381 428 851 146 
903 192 391 362 969 304 747 970 35 713 
742 143 332 44 565 554 102 250 48 138 
148 828 667 344 692 816 852 236 884 498 
601 747 478 512 559 237 203 947 843 127 
177 455 193 589 28 425 894 925 109 995 
453 52 206 594 827 922 897 682 908 172 
539 709 738 629 60 664 393 124 955 26 
555 204 668 323 852 853 417 321 301 646 
905 786 705 263 202 264 713 215 760 431 
567 539 555 519 149 441 706 146 660 232 
466 533 179 648 965 639 494 537 810 299 
298 308 688 805 1 339 98 558 394 305 
801 615 726 841 581 911 738 791 65 989 
224 185 953 917 796 708 652 722 599 118 
497 151 950 71 555 6 175 959 829 420 
960 302 668 395 680 533 775 950 730 855 
143 833 190 487 70 312 270 592 673 268 
48 727 741 589 872 825 659 179 763 684 
307 179 51 814 601 466 894 415 42 762 
597 1000 773 391 757 217 986 312 15 76 
564 278 656 370 781 550 928 952 46 654 
699 953 419 922 626 715 896 596 999 705 

958 325 898 627 683 909 61 944 77 964 
2 127 453 54 640 168 835 889 840 869 
589 902 322 319 799 889 125 907 281 161 
795 193 611 605 673 936 657 245 175 507 
695 468 444 514 59 742 847 656 93 150 
37 24 520 396 901 518 285 544 77 254 
771 73 251 624 65 28 587 318 607 790 
571 468 168 784 647 36 1000 557 598 715 
493 869 273 288 663 214 879 630 694 39 
258 422 744 317 966 550 360 937 247 967 
37 776 120 961 336 24 395 918 947 251 
844 873 409 966 387 406 970 742 325 614 
587 447 530 33 471 484 245 242 744 133 
349 800 579 739 630 770 943 989 327 488 
467 953 705 842 730 353 932 9 448 435 
481 847 730 830 7 280 279 166 23 781 
440 102 910 540 921 592 542 97 780 702 
563 266 418 789 702 373 553 631 779 835 
771 821 59 817 868 406 353 82 858 99 
709 662 954 790 658 865 879 477 767 716 
81 107 312 35 550 801 290 171 716 319 
121 346 898 268 98 891 489 614 551 88 
254 787 38 495 693 828 176 256 628 916 
314 355 53 372 29 380 977 260 326 52 
500 393 629 966 685 913 110 318 289 815 

298 514 877 342 218 70 344 536 296 920 
170 268 894 784 647 817 259 845 633 46 
601 943 465 285 64 457 811 34 776 994 
708 823 913 536 957 413 858 755 37 458 
403 330 631 894 387 489 793 523 257 773 
583 879 540 957 843 883 201 769 86 913 
407 927 394 680 196 593 855 487 733 568 
642 291 200 990 733 296 306 303 857 953 
904 469 716 248 502 782 378 996 368 422 
140 437 484 772 739 577 268 926 755 124 
788 403 9 721 872 364 786 980 867 937 
488 27 559 269 278 783 15 521 22 886 
910 130 735 566 654 834 111 930 32 734 
738 188 598 341 728 358 922 715 232 592 
917 752 775 657 902 309 646 118 8 159 
238 507 490 171 453 565 502 760 318 75 
177 483 938 384 212 269 832 729 175 36 
565 550 240 220 548 139 398 148 484 724 
577 560 396 499 21 786 239 768 11 615 
448 572 942 435 620 486 773 492 97 122 
934 119 946 110 253 229 848 994 526 147 
888 681 217 468 679 492 270 14 165 121 
565 807 796 902 815 278 408 808 898 194 
275 210 823 483 823 830 843 10 227 196 
87 465 10 838 360 738 942 503 718 624 

128 567 485 696 868 1000 373 806 213 269 
834 206 862 887 19 377 773 879 994 212 
909 411 896 687 594 649 607 643 251 541 
932 880 614 658 722 449 910 26 208 769 
149 861 997 242 794 739 945 385 498 194 
163 594 398 222 322 733 511 876 957 102 
716 533 497 614 240 555 933 651 380 756 
695 647 847 345 740 355 519 573 114 514 
527 318 670 798 406 206 284 715 227 582 
578 844 355 863 548 849 982 416 173 534 
244 262 530 490 67 855 46 20 925 581 
285 341 212 99 538 110 853 321 719 544 
797 439 271 317 694 835 773 642 871 779 
131 441 911 233 658 840 464 601 68 355 
180 948 771 170 568 226 191 698 635 289 
578 629 404 424 76 313 238 746 877 313 
837 715 966 597 302 348 574 434 448 558 
661 825 124 312 203 337 437 921 454 612 
927 749 437 873 290 47 128 967 468 42 
347 445 631 136 470 106 7 438 94 111 
393 78 314 310 109 467 461 137 482 18 
86 778 579 493 49 982 357 966 499 368 
70 165 224 119 365 490 68 487 667 98 
283 672 429 281 146 33 926 660 210 435 
263 652 248 5 182 841 557 850 799 836 

198 716 245 938 99 679 510 369 424 605 
826 301 757 645 346 664 517 403 649 131 
201 54 395 263 35 748 535 497 586 941 
702 153 328 554 633 177 812 196 132 598 
64 972 76 480 915 126 762 258 884 940 
788 504 203 619 160 899 175 576 720 622 
311 681 747 21 2 843 618 619 60 543 
886 376 151 747 913 60 477 938 651 166 
407 507 833 628 463 714 356 376 565 473 
719 830 693 60 439 313 195 191 560 222 
251 88 323 207 850 435 881 848 180 402 
350 567 644 921 246 37 390 955 217 887 
37 998 798 195 11 495 176 507 515 549 
795 868 648 694 284 435 660 724 428 644 
775 101 787 474 558 806 236 725 799 989 
261 159 590 896 195 708 25 737 415 389 
811 286 634 124 995 490 506 172 778 878 
50 400 335 421 714 208 810 737 988 371 
899 193 673 224 856 791 823 50 584 499 
740 46 27 882 135 550 125 100 315 675 
574 344 682 61 483 936 547 394 699 635 
892 111 145 439 158 258 404 651 642 891 
319 293 863 406 809 697 25 858 885 948 
632 199 280 683 470 721 92 22 758 495 
686 300 85 2 9 398 850 669 201 859 

52 825 647 823 784 238 208 506 79 449 
676 417 737 608 134 566 68 702 585 553 
411 47 405 948 143 554 284 703 942 242 
919 680 661 363 999 128 399 844 669 430 
979 945 145 156 502 838 939 851 342 779 
706 663 466 658 655 138 690 505 313 554 
754 63 327 258 357 241 360 673 195 370 
346 236 219 428 796 612 927 897 732 968 
898 112 216 984 707 240 637 79 254 742 
689 574 662 526 897 616 700 883 801 25 
254 495 23 573 665 129 614 426 68 330 
188 997 786 389 122 414 509 546 719 626 
875 377 323 724 938 630 36 891 762 170 
339 177 783 275 651 737 763 736 671 574 
877 287 144 204 564 683 57 343 378 630 
971 749 337 442 912 692 214 912 784 635 
823 900 613 921 813 303 119 136 866 698 
517 456 898 226 842 659 769 289 132 964 
640 622 564 294 95 962 167 893 177 514 
350 279 139 99 511 313 738 241 177 825 
70 542 795 39 731 674 226 618 378 191 
12 660 753 722 367 525 119 344 888 312 
877 582 109 368 709 478 474 368 540 827 
284 973 216 91 926 20 408 1000 103 683 
645 61 912 152 763 968 422 283 120 988 

556 736 301 111 704 408 163 315 670 457 
357 916 614 60 373 182 129 767 896 178 
975 226 404 833 575 340 321 580 425 955 
739 473 946 666 630 462 841 2 778 714 
855 768 141 847 325 765 10 162 208 981 
638 184 124 910 332 634 555 55 396 23 
171 310 181 378 600 742 275 601 951 731 
166 659 15 230 577 807 420 862 974 991 
795 938 792 647 59 991 759 627 328 902 
629 510 103 788 73 379 573 783 310 38 
700 342 533 681 300 205 855 69 523 311 
669 887 130 177 103 110 623 985 69 61 
511 331 493 688 307 751 731 797 726 939 
813 341 713 335 15 43 335 850 303 288 
492 577 626 7 768 693 170 199 304 650 
644 258 363 631 924 780 987 221 11 415 
19 345 860 357 174 915 242 575 719 793 
462 663 152 893 471 614 581 911 868 579 
373 665 634 412 254 432 273 281 561 643 
781 83 755 271 873 146 670 703 90 63 
712 67 555 835 405 178 923 591 723 351 
505 178 427 532 72 850 539 892 386 394 
778 173 462 0 153 641 470 370 554 141 
800 585 345 872 956 560 805 585 222 460 
130 236 400 660 637 547 237 406 654 62 

413 494 348 63 799 352 111 889 914 312 
153 287 888 424 374 650 711 816 111 774 
687 279 191 181 890 484 662 995 718 533 
81 879 959 989 678 424 623 986 66 449 
458 515 486 726 796 398 624 182 153 272 
23 598 392 154 253 691 849 842 414 986 
189 41 786 540 227 14 608 125 948 638 
256 555 60 673 157 75 495 829 687 438 
432 476 101 986 350 733 261 409 956 615 
463 265 182 989 616 194 959 842 223 968 
551 770 650 952 922 603 222 623 879 770 
390 960 485 354 21 581 641 729 143 491 
92 355 213 56 862 166 63 27 859 109 
303 874 914 633 734 888 903 250 679 125 
128 413 79 253 568 96 713 871 597 389 
28 91 661 57 832 191 216 113 301 795 
103 171 356 671 792 536 560 336 91 549 
20 21 893 192 994 111 499 334 422 735 
300 995 390 470 198 525 326 794 944 837 
922 818 292 616 863 783 814 405 641 555 
658 505 64 473 292 465 723 123 713 421 
605 554 100 72 664 653 21 676 491 463 
71 811 393 896 761 428 793 842 911 609 
397 729 483 566 612 543 40 731 575 903 
247 839 53 960 667 147 793 557 375 938 

907 158 440 75 936 753 488 475 464 485 
254 548 227 888 82 292 717 235 519 937 
599 362 998 32 618 944 860 499 231 121 
876 938 746 360 46 818 6 24 749 906 
104 680 220 122 231 897 782 947 566 733 
673 96 589 279 10 976 981 504 635 386 
93 470 16 274 418 716 568 160 76 413 
458 573 863 885 150 185 117 448 783 820 
72 325 82 329 881 842 686 866 461 949 
138 492 253 608 240 162 690 255 968 431 
815 923 432 844 541 930 90 632 851 868 
56 174 669 782 457 171 371 650 719 412 
104 906 155 927 578 176 944 105 174 454 
791 301 338 113 310 381 30 753 70 237 
177 484 114 710 172 514 273 922 198 343 
752 488 829 869 294 692 816 264 375 976 
216 65 177 704 123 759 986 390 105 235 
112 849 767 333 904 365 587 958 483 359 
631 504 170 251 764 982 651 488 689 113 
479 125 101 653 138 653 518 196 645 761 
115 57 30 337 272 571 413 945 907 685 
692 787 811 5 778 626 814 611 879 665 
921 602 757 806 377 193 599 695 266 540 
89 984 332 647 363 956 567 38 400 847 
52 827 407 565 518 159 327 797 608 974 

547 669 623 859 509 351 25 264 581 285 
802 287 674 733 956 829 902 70 878 900 
582 49 156 99 145 303 257 915 684 217 
532 601 566 824 606 418 153 701 402 820 
770 698 370 378 566 13 385 341 462 91 
789 582 683 578 25 95 578 209 99 34 
768 187 49 292 163 303 915 856 318 754 
168 634 48 478 637 519 990 849 295 913 
472 751 553 271 579 190 492 468 570 1 
576 147 477 90 997 444 523 866 94 313 
497 963 525 666 391 286 94 797 564 249 
924 738 241 632 961 661 527 167 913 250 
445 921 211 339 779 123 634 716 774 564 
236 85 95 233 870 694 336 825 100 997 
868 967 443 701 679 131 383 594 6 124 
467 515 85 935 173 371 880 853 393 366 
232 120 71 411 379 580 326 969 354 293 
101 173 244 309 340 285 641 176 308 181 
446 180 13 871 423 527 20 826 189 694 
559 665 305 806 861 25 890 523 487 712 
995 229 833 539 895 112 569 138 149 16 
249 370 321 752 323 272 216 396 46 316 
986 898 149 75 322 449 268 426 558 914 
171 144 18 911 960 303 736 51 388 236 
614 50 208 750 16 260 526 389 636 499 

599 627 55 599 472 946 359 87 150 58 
885 125 318 647 47 462 572 361 464 533 
1 323 581 159 702 251 537 675 970 528 
29 430 599 314 877 115 451 494 212 178 
251 770 580 80 379 508 748 41 87 658 
426 7 904 266 984 726 953 971 875 294 
122 792 248 108 153 170 64 720 476 705 
478 37 387 960 10 756 824 784 505 976 
387 91 573 956 667 424 963 85 906 896 
218 989 573 253 265 820 966 934 477 979 
421 117 569 590 826 676 691 529 923 803 
224 570 59 935 38 719 114 903 579 852 
54 599 233 414 576 801 875 989 204 651 
234 401 938 438 233 914 160 551 761 733 
855 92 885 181 205 401 713 702 16 351 
707 314 239 387 809 44 183 35 619 14 
169 79 306 307 99 279 455 458 316 852 
178 537 558 295 600 884 11 2 54 713 
430 903 262 624 992 147 235 443 537 929 
541 914 933 275 402 612 189 628 285 398 
479 735 851 700 499 596 749 544 198 580 
631 543 231 433 498 878 413 617 540 805 
207 67 514 627 456 723 214 375 788 94 
432 490 267 47 870 550 560 342 840 341 
900 147 701 797 674 407 82 788 119 532 


