250 10 10

-232 -266 330 -165 387 -177 511 -145 -232 -33 
268 -17 445 612 295 308 -100 585 -52 -210 
272 502 494 -80 -167 -21 -88 -170 -55 -91 
568 -189 -94 -37 602 373 517 -148 308 -92 
632 299 338 434 492 378 329 -128 274 274 
-43 -50 -148 267 -42 397 -211 -61 -41 -69 
323 434 -35 -35 -170 -53 470 488 -34 407 
-99 -107 -137 486 341 310 -31 -144 -75 -174 
316 -160 -150 -9 445 305 -232 355 340 289 
317 -114 390 558 519 479 -8 -73 311 -241 
-185 304 -72 -31 -67 -152 -164 480 -223 -38 
452 -113 422 -217 -36 -243 -32 -103 -166 551 
508 414 389 -259 -190 327 -90 -247 -47 419 
320 331 463 431 496 624 354 535 -160 342 
-42 470 -8 -157 416 -95 -186 -122 314 -108 
352 382 -36 320 -9 467 -93 491 -50 328 
284 -27 648 552 643 402 470 -193 476 336 
715 -93 423 268 371 -22 374 268 434 575 
349 -92 -48 -48 432 -1 549 -236 315 -149 
-104 480 -247 -53 -138 367 466 -3 -253 277 
275 -137 404 329 -149 669 368 -180 -63 445 
312 -204 336 -193 -234 -235 362 -179 -257 -92 
-43 580 -9 -69 294 386 -186 463 -30 476 
-238 -90 428 -73 306 -265 607 450 -148 353 
277 347 395 -159 267 -54 -101 471 -221 664 

89681 91855 91677 91081 98185 96401 97838 92540 92834 96925 

92918 94743 93704 86737 91461 95174 93328 92779 96038 93418 

443 130 358 113 187 784 775 470 847 755 
475 275 56 979 787 149 139 428 334 285 
662 430 350 629 321 193 774 404 400 758 
333 729 626 6 895 704 235 931 535 439 
833 184 214 928 441 26 186 381 192 547 
360 253 936 971 504 328 8 605 498 956 
595 794 852 869 76 40 600 758 158 264 
415 42 837 242 217 529 123 785 240 499 
228 526 479 206 161 613 173 24 510 82 
985 76 578 953 717 268 289 160 683 34 
611 662 472 542 626 368 418 838 166 7 
403 57 24 731 235 714 617 717 326 134 
792 887 963 484 422 389 680 246 161 408 
558 444 266 502 352 971 64 955 802 303 
881 405 260 142 596 874 683 801 366 675 
60 840 920 469 600 588 982 676 157 660 
990 470 386 892 812 423 64 201 256 738 
794 61 668 955 523 682 286 85 321 713 
491 142 525 704 430 388 575 21 130 422 
852 741 237 379 767 666 489 563 209 712 
633 566 24 703 408 432 424 678 681 602 
924 83 157 736 2 589 24 84 778 566 
827 37 365 25 304 350 349 279 855 88 
977 985 867 239 405 277 836 806 394 432 
458 850 171 304 550 406 131 895 273 876 

71 767 513 351 888 120 454 480 684 234 
721 431 689 643 263 365 753 751 168 611 
387 858 771 60 24 687 102 299 376 166 
215 965 64 784 714 300 436 170 424 441 
836 651 212 983 489 309 525 735 932 549 
174 343 18 403 172 650 417 232 100 357 
97 411 754 199 803 305 745 14 155 928 
582 89 845 410 707 169 649 754 292 254 
245 551 707 531 191 587 76 146 727 627 
80 485 942 317 498 305 617 403 164 883 
316 217 462 391 727 775 667 213 264 975 
372 706 974 558 105 735 241 3 140 724 
843 17 363 155 223 339 688 124 507 372 
851 564 710 933 771 732 706 771 574 530 
792 885 206 522 142 825 255 707 26 81 
650 673 91 768 356 30 76 472 500 680 
983 198 238 512 563 740 610 72 749 572 
924 337 816 397 937 247 213 832 598 766 
64 559 761 697 80 402 716 111 996 849 
277 804 766 784 774 376 921 446 789 554 
802 812 300 578 744 30 110 73 698 979 
358 961 701 244 631 76 90 126 114 822 
537 375 995 513 320 795 459 604 658 628 
212 435 783 578 534 997 575 608 668 71 
247 586 309 604 103 16 516 273 681 908 

79 154 682 795 335 703 85 509 308 372 
308 932 22 851 822 647 779 297 207 795 
723 195 786 966 245 38 103 59 608 865 
317 101 386 596 702 924 608 149 941 968 
657 887 928 384 227 49 557 713 202 983 
822 560 556 42 989 118 278 568 590 398 
268 844 278 511 827 364 231 114 63 741 
48 131 859 622 6 775 4 230 70 466 
756 518 270 941 383 559 198 194 999 298 
810 895 488 778 748 172 51 473 795 861 
579 12 6 646 817 544 318 969 464 634 
951 512 712 168 453 284 51 104 270 338 
857 60 140 952 499 882 655 35 417 668 
979 661 509 381 391 617 220 351 305 903 
888 220 233 150 358 691 172 540 344 686 
38 382 546 717 244 272 93 556 438 508 
142 957 728 619 68 678 290 836 307 537 
925 119 419 525 460 129 767 111 516 965 
679 888 308 79 317 861 218 935 71 778 
211 919 689 612 112 374 640 544 233 552 
335 862 570 931 673 733 617 658 563 182 
235 352 175 248 97 635 968 886 214 558 
96 170 364 821 843 400 492 174 546 571 
722 932 111 48 458 258 899 908 198 866 
921 454 674 867 352 108 397 252 315 910 

208 827 1 237 731 220 867 890 428 571 
505 462 775 136 227 613 860 324 281 529 
908 103 265 439 465 984 131 764 480 977 
726 318 607 504 553 130 118 46 649 841 
464 189 174 34 846 476 828 805 712 426 
634 653 427 643 108 219 440 710 600 857 
522 154 354 990 341 420 385 651 847 914 
790 47 112 725 72 750 137 720 73 674 
774 930 478 751 410 214 977 64 183 661 
782 675 211 512 135 837 1 711 368 405 
676 896 978 97 404 177 192 492 822 93 
443 226 165 278 198 176 259 998 648 815 
478 757 101 618 210 234 324 268 234 890 
470 723 342 289 684 546 500 387 389 946 
286 505 433 502 367 213 649 160 813 100 
522 271 629 991 382 733 929 727 425 954 
818 467 364 275 94 540 628 208 919 34 
223 752 194 326 324 37 914 319 551 583 
424 81 479 265 835 425 384 717 447 553 
495 297 119 332 121 614 386 552 619 164 
775 799 655 664 344 843 715 400 8 20 
329 668 651 956 950 893 122 965 500 610 
891 496 141 495 867 140 214 172 115 455 
480 526 539 504 813 544 121 801 454 655 
135 741 39 824 800 197 151 978 641 50 

593 636 295 26 988 244 612 155 818 28 
225 296 819 365 506 511 455 905 45 166 
710 362 216 817 904 803 381 428 851 146 
903 192 391 362 969 304 747 970 35 713 
742 143 332 44 565 554 102 250 48 138 
148 828 667 344 692 816 852 236 884 498 
601 747 478 512 559 237 203 947 843 127 
177 455 193 589 28 425 894 925 109 995 
453 52 206 594 827 922 897 682 908 172 
539 709 738 629 60 664 393 124 955 26 
555 204 668 323 852 853 417 321 301 646 
905 786 705 263 202 264 713 215 760 431 
567 539 555 519 149 441 706 146 660 232 
466 533 179 648 965 639 494 537 810 299 
298 308 688 805 1 339 98 558 394 305 
801 615 726 841 581 911 738 791 65 989 
224 185 953 917 796 708 652 722 599 118 
497 151 950 71 555 6 175 959 829 420 
960 302 668 395 680 533 775 950 730 855 
143 833 190 487 70 312 270 592 673 268 
48 727 741 589 872 825 659 179 763 684 
307 179 51 814 601 466 894 415 42 762 
597 1000 773 391 757 217 986 312 15 76 
564 278 656 370 781 550 928 952 46 654 
699 953 419 922 626 715 896 596 999 705 

958 325 898 627 683 909 61 944 77 964 
2 127 453 54 640 168 835 889 840 869 
589 902 322 319 799 889 125 907 281 161 
795 193 611 605 673 936 657 245 175 507 
695 468 444 514 59 742 847 656 93 150 
37 24 520 396 901 518 285 544 77 254 
771 73 251 624 65 28 587 318 607 790 
571 468 168 784 647 36 1000 557 598 715 
493 869 273 288 663 214 879 630 694 39 
258 422 744 317 966 550 360 937 247 967 
37 776 120 961 336 24 395 918 947 251 
844 873 409 966 387 406 970 742 325 614 
587 447 530 33 471 484 245 242 744 133 
349 800 579 739 630 770 943 989 327 488 
467 953 705 842 730 353 932 9 448 435 
481 847 730 830 7 280 279 166 23 781 
440 102 910 540 921 592 542 97 780 702 
563 266 418 789 702 373 553 631 779 835 
771 821 59 817 868 406 353 82 858 99 
709 662 954 790 658 865 879 477 767 716 
81 107 312 35 550 801 290 171 716 319 
121 346 898 268 98 891 489 614 551 88 
254 787 38 495 693 828 176 256 628 916 
314 355 53 372 29 380 977 260 326 52 
500 393 629 966 685 913 110 318 289 815 

298 514 877 342 218 70 344 536 296 920 
170 268 894 784 647 817 259 845 633 46 
601 943 465 285 64 457 811 34 776 994 
708 823 913 536 957 413 858 755 37 458 
403 330 631 894 387 489 793 523 257 773 
583 879 540 957 843 883 201 769 86 913 
407 927 394 680 196 593 855 487 733 568 
642 291 200 990 733 296 306 303 857 953 
904 469 716 248 502 782 378 996 368 422 
140 437 484 772 739 577 268 926 755 124 
788 403 9 721 872 364 786 980 867 937 
488 27 559 269 278 783 15 521 22 886 
910 130 735 566 654 834 111 930 32 734 
738 188 598 341 728 358 922 715 232 592 
917 752 775 657 902 309 646 118 8 159 
238 507 490 171 453 565 502 760 318 75 
177 483 938 384 212 269 832 729 175 36 
565 550 240 220 548 139 398 148 484 724 
577 560 396 499 21 786 239 768 11 615 
448 572 942 435 620 486 773 492 97 122 
934 119 946 110 253 229 848 994 526 147 
888 681 217 468 679 492 270 14 165 121 
565 807 796 902 815 278 408 808 898 194 
275 210 823 483 823 830 843 10 227 196 
87 465 10 838 360 738 942 503 718 624 

128 567 485 696 868 1000 373 806 213 269 
834 206 862 887 19 377 773 879 994 212 
909 411 896 687 594 649 607 643 251 541 
932 880 614 658 722 449 910 26 208 769 
149 861 997 242 794 739 945 385 498 194 
163 594 398 222 322 733 511 876 957 102 
716 533 497 614 240 555 933 651 380 756 
695 647 847 345 740 355 519 573 114 514 
527 318 670 798 406 206 284 715 227 582 
578 844 355 863 548 849 982 416 173 534 
244 262 530 490 67 855 46 20 925 581 
285 341 212 99 538 110 853 321 719 544 
797 439 271 317 694 835 773 642 871 779 
131 441 911 233 658 840 464 601 68 355 
180 948 771 170 568 226 191 698 635 289 
578 629 404 424 76 313 238 746 877 313 
837 715 966 597 302 348 574 434 448 558 
661 825 124 312 203 337 437 921 454 612 
927 749 437 873 290 47 128 967 468 42 
347 445 631 136 470 106 7 438 94 111 
393 78 314 310 109 467 461 137 482 18 
86 778 579 493 49 982 357 966 499 368 
70 165 224 119 365 490 68 487 667 98 
283 672 429 281 146 33 926 660 210 435 
263 652 248 5 182 841 557 850 799 836 

198 716 245 938 99 679 510 369 424 605 
826 301 757 645 346 664 517 403 649 131 
201 54 395 263 35 748 535 497 586 941 
702 153 328 554 633 177 812 196 132 598 
64 972 76 480 915 126 762 258 884 940 
788 504 203 619 160 899 175 576 720 622 
311 681 747 21 2 843 618 619 60 543 
886 376 151 747 913 60 477 938 651 166 
407 507 833 628 463 714 356 376 565 473 
719 830 693 60 439 313 195 191 560 222 
251 88 323 207 850 435 881 848 180 402 
350 567 644 921 246 37 390 955 217 887 
37 998 798 195 11 495 176 507 515 549 
795 868 648 694 284 435 660 724 428 644 
775 101 787 474 558 806 236 725 799 989 
261 159 590 896 195 708 25 737 415 389 
811 286 634 124 995 490 506 172 778 878 
50 400 335 421 714 208 810 737 988 371 
899 193 673 224 856 791 823 50 584 499 
740 46 27 882 135 550 125 100 315 675 
574 344 682 61 483 936 547 394 699 635 
892 111 145 439 158 258 404 651 642 891 
319 293 863 406 809 697 25 858 885 948 
632 199 280 683 470 721 92 22 758 495 
686 300 85 2 9 398 850 669 201 859 

52 825 647 823 784 238 208 506 79 449 
676 417 737 608 134 566 68 702 585 553 
411 47 405 948 143 554 284 703 942 242 
919 680 661 363 999 128 399 844 669 430 
979 945 145 156 502 838 939 851 342 779 
706 663 466 658 655 138 690 505 313 554 
754 63 327 258 357 241 360 673 195 370 
346 236 219 428 796 612 927 897 732 968 
898 112 216 984 707 240 637 79 254 742 
689 574 662 526 897 616 700 883 801 25 
254 495 23 573 665 129 614 426 68 330 
188 997 786 389 122 414 509 546 719 626 
875 377 323 724 938 630 36 891 762 170 
339 177 783 275 651 737 763 736 671 574 
877 287 144 204 564 683 57 343 378 630 
971 749 337 442 912 692 214 912 784 635 
823 900 613 921 813 303 119 136 866 698 
517 456 898 226 842 659 769 289 132 964 
640 622 564 294 95 962 167 893 177 514 
350 279 139 99 511 313 738 241 177 825 
70 542 795 39 731 674 226 618 378 191 
12 660 753 722 367 525 119 344 888 312 
877 582 109 368 709 478 474 368 540 827 
284 973 216 91 926 20 408 1000 103 683 
645 61 912 152 763 968 422 283 120 988 

556 736 301 111 704 408 163 315 670 457 
357 916 614 60 373 182 129 767 896 178 
975 226 404 833 575 340 321 580 425 955 
739 473 946 666 630 462 841 2 778 714 
855 768 141 847 325 765 10 162 208 981 
638 184 124 910 332 634 555 55 396 23 
171 310 181 378 600 742 275 601 951 731 
166 659 15 230 577 807 420 862 974 991 
795 938 792 647 59 991 759 627 328 902 
629 510 103 788 73 379 573 783 310 38 
700 342 533 681 300 205 855 69 523 311 
669 887 130 177 103 110 623 985 69 61 
511 331 493 688 307 751 731 797 726 939 
813 341 713 335 15 43 335 850 303 288 
492 577 626 7 768 693 170 199 304 650 
644 258 363 631 924 780 987 221 11 415 
19 345 860 357 174 915 242 575 719 793 
462 663 152 893 471 614 581 911 868 579 
373 665 634 412 254 432 273 281 561 643 
781 83 755 271 873 146 670 703 90 63 
712 67 555 835 405 178 923 591 723 351 
505 178 427 532 72 850 539 892 386 394 
778 173 462 0 153 641 470 370 554 141 
800 585 345 872 956 560 805 585 222 460 
130 236 400 660 637 547 237 406 654 62 

413 494 348 63 799 352 111 889 914 312 
153 287 888 424 374 650 711 816 111 774 
687 279 191 181 890 484 662 995 718 533 
81 879 959 989 678 424 623 986 66 449 
458 515 486 726 796 398 624 182 153 272 
23 598 392 154 253 691 849 842 414 986 
189 41 786 540 227 14 608 125 948 638 
256 555 60 673 157 75 495 829 687 438 
432 476 101 986 350 733 261 409 956 615 
463 265 182 989 616 194 959 842 223 968 
551 770 650 952 922 603 222 623 879 770 
390 960 485 354 21 581 641 729 143 491 
92 355 213 56 862 166 63 27 859 109 
303 874 914 633 734 888 903 250 679 125 
128 413 79 253 568 96 713 871 597 389 
28 91 661 57 832 191 216 113 301 795 
103 171 356 671 792 536 560 336 91 549 
20 21 893 192 994 111 499 334 422 735 
300 995 390 470 198 525 326 794 944 837 
922 818 292 616 863 783 814 405 641 555 
658 505 64 473 292 465 723 123 713 421 
605 554 100 72 664 653 21 676 491 463 
71 811 393 896 761 428 793 842 911 609 
397 729 483 566 612 543 40 731 575 903 
247 839 53 960 667 147 793 557 375 938 

907 158 440 75 936 753 488 475 464 485 
254 548 227 888 82 292 717 235 519 937 
599 362 998 32 618 944 860 499 231 121 
876 938 746 360 46 818 6 24 749 906 
104 680 220 122 231 897 782 947 566 733 
673 96 589 279 10 976 981 504 635 386 
93 470 16 274 418 716 568 160 76 413 
458 573 863 885 150 185 117 448 783 820 
72 325 82 329 881 842 686 866 461 949 
138 492 253 608 240 162 690 255 968 431 
815 923 432 844 541 930 90 632 851 868 
56 174 669 782 457 171 371 650 719 412 
104 906 155 927 578 176 944 105 174 454 
791 301 338 113 310 381 30 753 70 237 
177 484 114 710 172 514 273 922 198 343 
752 488 829 869 294 692 816 264 375 976 
216 65 177 704 123 759 986 390 105 235 
112 849 767 333 904 365 587 958 483 359 
631 504 170 251 764 982 651 488 689 113 
479 125 101 653 138 653 518 196 645 761 
115 57 30 337 272 571 413 945 907 685 
692 787 811 5 778 626 814 611 879 665 
921 602 757 806 377 193 599 695 266 540 
89 984 332 647 363 956 567 38 400 847 
52 827 407 565 518 159 327 797 608 974 

547 669 623 859 509 351 25 264 581 285 
802 287 674 733 956 829 902 70 878 900 
582 49 156 99 145 303 257 915 684 217 
532 601 566 824 606 418 153 701 402 820 
770 698 370 378 566 13 385 341 462 91 
789 582 683 578 25 95 578 209 99 34 
768 187 49 292 163 303 915 856 318 754 
168 634 48 478 637 519 990 849 295 913 
472 751 553 271 579 190 492 468 570 1 
576 147 477 90 997 444 523 866 94 313 
497 963 525 666 391 286 94 797 564 249 
924 738 241 632 961 661 527 167 913 250 
445 921 211 339 779 123 634 716 774 564 
236 85 95 233 870 694 336 825 100 997 
868 967 443 701 679 131 383 594 6 124 
467 515 85 935 173 371 880 853 393 366 
232 120 71 411 379 580 326 969 354 293 
101 173 244 309 340 285 641 176 308 181 
446 180 13 871 423 527 20 826 189 694 
559 665 305 806 861 25 890 523 487 712 
995 229 833 539 895 112 569 138 149 16 
249 370 321 752 323 272 216 396 46 316 
986 898 149 75 322 449 268 426 558 914 
171 144 18 911 960 303 736 51 388 236 
614 50 208 750 16 260 526 389 636 499 

599 627 55 599 472 946 359 87 150 58 
885 125 318 647 47 462 572 361 464 533 
1 323 581 159 702 251 537 675 970 528 
29 430 599 314 877 115 451 494 212 178 
251 770 580 80 379 508 748 41 87 658 
426 7 904 266 984 726 953 971 875 294 
122 792 248 108 153 170 64 720 476 705 
478 37 387 960 10 756 824 784 505 976 
387 91 573 956 667 424 963 85 906 896 
218 989 573 253 265 820 966 934 477 979 
421 117 569 590 826 676 691 529 923 803 
224 570 59 935 38 719 114 903 579 852 
54 599 233 414 576 801 875 989 204 651 
234 401 938 438 233 914 160 551 761 733 
855 92 885 181 205 401 713 702 16 351 
707 314 239 387 809 44 183 35 619 14 
169 79 306 307 99 279 455 458 316 852 
178 537 558 295 600 884 11 2 54 713 
430 903 262 624 992 147 235 443 537 929 
541 914 933 275 402 612 189 628 285 398 
479 735 851 700 499 596 749 544 198 580 
631 543 231 433 498 878 413 617 540 805 
207 67 514 627 456 723 214 375 788 94 
432 490 267 47 870 550 560 342 840 341 
900 147 701 797 674 407 82 788 119 532 

125 557 6 16 952 492 938 949 1000 816 
495 852 161 382 570 934 542 964 350 557 
70 356 79 616 987 794 337 920 170 581 
622 789 499 546 997 750 795 522 42 645 
396 392 544 263 227 128 973 743 223 143 
612 738 139 611 588 484 932 434 61 491 
219 569 866 354 237 631 83 167 771 474 
795 638 344 395 670 494 501 940 735 748 
120 983 430 497 890 810 588 59 386 650 
35 143 164 62 720 641 895 909 829 231 
155 605 231 540 389 748 420 931 458 678 
327 85 679 564 826 314 865 550 536 375 
968 132 892 715 849 454 469 327 625 280 
893 622 493 853 24 179 607 825 433 766 
365 210 722 891 209 238 9 530 294 898 
96 782 171 212 989 587 427 172 415 811 
478 192 117 840 59 348 554 323 797 839 
824 693 554 697 901 270 670 41 394 136 
191 846 610 874 189 904 466 108 85 461 
488 437 359 744 351 165 221 973 458 467 
506 114 44 585 999 239 775 89 111 281 
465 502 987 169 251 432 515 775 510 396 
359 75 820 576 0 882 412 34 207 312 
731 862 973 825 658 234 974 803 832 225 
986 902 337 384 406 171 569 253 868 80 

794 821 961 962 242 337 559 595 576 323 
888 627 634 365 85 265 204 595 707 138 
131 775 217 750 776 655 662 248 321 391 
253 540 118 781 787 721 833 141 983 654 
675 718 881 386 229 335 283 589 945 849 
833 892 509 56 683 744 588 417 173 750 
55 462 749 945 969 916 624 70 973 67 
938 194 667 374 776 371 404 876 556 709 
293 676 757 361 355 102 595 260 299 485 
272 312 271 463 361 855 24 19 298 361 
227 528 26 300 536 708 229 720 862 289 
753 355 567 704 100 609 503 314 984 371 
862 228 624 237 335 166 777 36 113 757 
992 609 236 557 772 190 564 533 602 982 
818 665 73 194 11 418 240 565 981 646 
899 370 118 109 560 160 798 970 241 568 
816 240 897 236 618 399 47 597 686 401 
431 325 224 243 783 687 117 527 605 36 
629 139 704 918 565 48 230 408 820 711 
837 213 314 819 735 268 680 639 97 667 
138 52 289 583 524 321 233 494 60 348 
558 38 432 927 610 600 776 474 259 52 
774 357 755 889 706 266 434 200 297 66 
162 252 753 927 276 751 365 527 999 573 
142 194 678 748 496 683 321 894 632 871 

447 840 413 682 933 47 649 88 50 672 
171 202 673 176 811 522 592 398 987 12 
414 818 654 469 781 499 216 695 776 703 
260 643 967 630 555 52 331 328 206 346 
415 187 255 51 536 727 113 206 738 891 
435 691 157 985 49 95 71 494 702 802 
877 946 736 448 337 801 306 713 360 563 
397 815 992 443 365 981 937 344 895 302 
890 205 977 32 267 802 747 893 838 413 
271 684 290 313 471 47 495 810 84 375 
67 376 758 4 906 148 531 145 749 744 
365 841 709 112 627 424 213 8 254 289 
258 121 205 799 201 766 127 32 293 863 
403 379 869 89 359 558 432 644 777 485 
280 34 885 104 795 476 806 983 326 579 
508 148 455 683 257 817 314 457 989 442 
299 450 31 255 905 805 687 597 378 155 
405 692 289 933 991 803 508 482 693 728 
56 406 511 302 346 760 81 643 231 938 
793 958 929 23 809 674 264 76 764 615 
166 806 201 415 929 577 162 919 768 133 
421 396 695 537 363 941 463 538 789 382 
579 498 625 982 515 845 280 308 537 951 
635 686 524 121 522 178 24 28 912 312 
568 331 425 350 638 303 810 147 39 128 

399 818 164 960 365 949 197 678 500 422 
200 968 379 455 967 154 240 212 160 594 
365 368 68 554 319 423 348 905 562 471 
334 729 886 253 618 217 725 451 372 111 
205 976 449 633 240 689 319 863 630 525 
927 728 915 454 187 523 599 957 626 54 
220 283 86 308 786 659 34 879 227 444 
828 209 378 280 366 209 623 292 655 854 
14 14 461 204 339 516 84 128 309 493 
285 597 250 582 429 322 883 657 125 63 
967 544 445 978 745 908 137 850 975 863 
364 291 573 995 190 990 700 522 518 58 
81 676 112 314 16 30 344 410 464 790 
919 983 482 372 627 798 852 182 73 318 
934 604 971 7 112 687 761 42 989 978 
114 32 888 692 885 79 707 40 752 137 
753 866 683 313 59 926 20 793 957 921 
264 474 790 818 735 807 573 360 298 338 
230 929 746 406 919 823 189 867 635 980 
990 92 285 275 762 284 262 693 617 233 
740 492 44 753 862 294 731 236 790 351 
914 990 508 607 786 816 873 443 338 707 
733 412 189 980 803 359 441 426 862 948 
662 173 995 67 647 123 275 469 351 617 
464 394 152 240 535 817 377 802 668 229 

63 495 314 374 554 583 675 563 661 523 
946 544 593 299 898 502 556 385 105 83 
112 14 291 108 454 385 337 787 822 782 
81 957 52 180 28 483 434 849 520 354 
72 806 97 821 635 988 542 451 107 636 
284 605 430 349 519 815 420 419 335 549 
664 462 751 305 428 769 554 618 25 986 
400 591 925 838 361 82 368 894 458 70 
21 76 664 522 546 891 202 764 368 607 
38 312 49 762 731 155 269 932 359 357 
992 734 778 872 748 881 728 821 169 896 
217 13 202 837 124 660 745 746 69 489 
182 740 935 447 960 339 750 780 946 249 
176 595 95 582 157 381 376 759 832 408 
481 394 186 550 10 965 884 646 171 676 
107 815 606 235 180 494 326 652 960 636 
629 373 558 427 897 329 20 959 753 776 
483 616 635 623 298 482 636 288 626 559 
490 876 811 209 102 557 713 359 157 884 
61 775 955 100 569 798 563 767 54 430 
154 722 121 170 353 895 736 612 925 409 
485 467 78 697 594 461 291 800 919 723 
367 16 257 464 986 632 66 632 215 422 
515 902 644 926 122 607 832 32 73 66 
719 335 357 938 4 516 741 530 228 420 

