250 30 30

290 725 384 597 471 268 626 281 516 400 
661 612 800 276 575 621 349 165 244 617 
650 723 385 605 569 600 614 636 680 257 
552 379 649 421 196 337 372 361 419 772 
318 229 228 612 484 598 357 483 545 349 
425 334 354 709 338 246 736 699 498 441 
596 360 548 277 442 650 401 265 551 764 
460 695 416 528 428 427 427 355 587 489 
763 694 195 707 559 270 474 536 265 557 
564 545 596 566 456 313 498 652 353 156 
387 594 377 724 582 419 349 536 350 285 
471 540 619 358 498 370 458 771 321 403 
329 783 374 600 290 463 401 581 242 245 
366 553 428 656 806 397 349 380 318 496 
411 465 404 794 653 641 721 658 283 694 
756 741 460 479 643 480 577 592 153 345 
365 504 449 301 466 678 489 562 509 621 
509 485 634 397 402 473 544 339 650 660 
333 749 656 800 565 538 557 487 199 303 
631 376 376 533 536 784 714 483 710 648 
403 458 284 493 442 323 416 725 489 503 
239 449 255 733 466 568 507 669 506 583 
297 447 723 833 264 311 392 457 720 341 
359 595 715 443 608 467 400 426 585 540 
207 704 344 580 746 461 431 377 432 512 

62501 64239 62798 63383 62376 62459 59666 60320 62741 63839 
62595 62455 66218 62523 57959 63227 63673 62347 65576 63368 
65430 60652 60762 62212 61442 65223 63000 62050 63361 59160 

62927 62133 61812 59038 62622 60561 63833 65785 60939 60569 
58889 63509 66002 60213 66079 62286 63384 59744 64543 61664 
63150 59636 60662 62944 58552 63306 62638 61312 61748 63513 

478 564 907 265 794 998 280 643 904 231 
60 580 124 975 487 252 529 68 683 626 
591 425 343 489 283 426 899 122 233 679 
216 744 906 308 21 446 406 277 433 784 
17 705 180 492 485 518 555 135 219 62 
95 263 936 68 405 44 281 561 356 213 
671 789 457 668 680 254 154 41 388 914 
436 311 658 461 908 144 197 688 216 722 
107 471 883 990 847 49 995 604 667 990 
11 841 384 987 302 796 424 484 618 931 
722 117 681 511 43 57 366 770 276 927 
804 100 577 376 710 433 411 689 662 939 
337 960 183 366 643 440 560 847 354 917 
430 715 137 783 577 401 284 894 306 784 
251 666 602 926 140 231 177 93 227 690 
440 78 547 23 592 723 930 774 55 342 
510 241 774 338 873 495 547 29 549 677 
647 410 88 489 743 584 670 798 515 125 
873 518 913 320 145 35 895 729 235 836 
930 297 828 57 465 392 306 525 872 938 
598 949 13 593 499 972 149 722 630 140 
661 791 899 556 984 455 107 461 611 615 
223 395 881 991 300 427 255 581 396 601 
775 938 87 558 893 85 174 844 220 947 
76 697 182 772 66 341 805 308 233 532 

732 495 607 673 85 433 45 329 297 256 
6 907 873 330 496 192 711 54 8 287 
979 972 423 678 582 324 879 935 617 431 
683 624 883 823 1 816 805 663 545 738 
446 650 514 316 493 453 897 308 58 315 
177 711 930 165 449 361 766 654 816 788 
371 175 209 113 856 471 302 191 858 984 
102 774 422 642 735 386 283 369 490 273 
926 30 992 675 130 997 752 868 806 547 
566 802 412 85 923 983 842 425 846 854 
539 198 150 789 651 226 996 367 676 407 
66 687 243 772 351 963 186 597 830 390 
708 202 329 339 27 505 64 522 737 851 
481 317 232 366 711 48 418 272 835 962 
887 926 779 990 338 464 517 48 491 197 
1 423 347 933 513 215 593 810 698 859 
70 726 264 245 106 51 402 46 485 68 
531 100 453 15 836 998 939 976 569 88 
452 220 178 535 296 466 966 164 269 337 
711 425 536 441 456 292 576 75 432 422 
243 480 339 323 157 794 108 295 477 989 
29 469 566 891 402 135 533 642 584 380 
999 686 889 724 1000 805 836 804 915 295 
903 586 485 554 956 473 104 879 293 538 
248 598 623 726 808 394 535 933 202 644 

935 741 280 256 374 564 493 970 387 44 
874 759 976 322 474 451 591 4 645 381 
677 454 485 548 592 619 242 480 802 715 
382 609 563 353 623 408 368 129 216 968 
301 501 294 618 707 412 803 210 426 366 
453 445 141 611 124 927 616 596 181 94 
787 568 17 17 291 471 93 534 429 604 
1000 710 50 581 494 681 440 18 71 288 
854 159 519 711 229 649 427 239 656 794 
24 748 434 956 756 995 385 576 769 522 
782 780 381 293 777 918 883 92 183 835 
207 949 243 741 547 314 6 744 668 867 
342 571 188 682 279 344 878 784 548 602 
588 523 403 289 64 388 372 62 884 722 
768 167 378 176 473 90 98 423 198 681 
215 308 51 441 336 399 450 802 368 504 
531 639 429 954 700 531 848 316 465 23 
473 940 619 86 848 531 864 940 979 702 
590 778 371 705 903 907 989 132 666 476 
609 459 760 766 796 726 905 514 542 45 
130 265 179 378 519 40 586 220 712 949 
319 78 94 965 376 84 226 626 914 680 
777 813 386 528 169 983 442 785 842 319 
49 423 717 402 777 467 382 14 727 99 
825 229 261 208 982 705 335 347 323 708 

432 805 990 101 882 240 903 978 903 32 
695 560 210 641 20 811 596 64 175 62 
808 369 451 42 502 548 350 303 56 46 
244 491 646 297 336 933 753 538 83 431 
266 174 240 463 800 844 805 21 283 129 
761 82 764 414 814 413 753 282 421 133 
514 847 244 462 212 444 441 739 752 944 
803 639 171 409 149 555 459 752 817 247 
503 277 830 274 468 962 649 519 814 625 
245 877 85 60 323 101 571 32 823 489 
102 392 904 657 506 202 613 437 532 964 
544 697 471 998 660 140 727 388 902 759 
734 521 997 286 777 109 920 808 410 875 
60 990 660 466 434 229 249 513 258 11 
531 34 682 963 651 665 893 561 445 949 
955 685 345 948 444 720 839 68 757 671 
42 53 854 890 681 96 185 251 621 797 
995 559 831 551 671 398 596 761 63 418 
999 781 242 841 29 144 180 539 847 655 
224 467 490 608 270 373 126 624 389 379 
168 543 399 592 48 830 159 505 106 724 
995 198 165 667 865 692 493 78 459 247 
616 935 763 962 99 146 429 464 354 506 
558 422 450 503 104 766 894 989 538 475 
836 27 641 229 117 736 674 388 686 982 

59 885 826 387 948 78 764 235 113 257 
358 80 876 875 345 925 100 41 787 565 
176 494 386 870 546 607 970 68 723 75 
346 119 954 28 326 372 404 191 629 245 
163 154 600 96 39 458 984 784 740 681 
540 741 649 130 980 716 148 805 465 782 
349 512 297 250 873 396 668 130 196 363 
927 734 779 394 411 419 486 579 45 857 
969 255 371 582 508 709 92 830 408 829 
52 720 792 756 842 399 977 477 266 13 
130 883 137 367 289 753 285 256 563 566 
528 415 89 705 200 728 819 713 975 668 
718 761 579 63 341 709 605 549 712 599 
242 20 991 192 60 231 77 384 190 768 
661 739 681 995 765 513 809 539 85 308 
439 253 293 752 293 878 954 269 763 21 
423 395 348 32 771 721 279 447 655 973 
423 459 379 339 73 861 485 463 689 950 
553 656 844 338 407 794 610 339 336 786 
275 95 278 568 271 576 974 822 627 935 
894 282 751 481 527 525 520 309 865 945 
726 546 448 69 796 403 995 416 115 575 
167 534 582 314 573 430 867 62 776 535 
791 39 260 374 110 329 655 449 693 666 
345 120 208 23 203 313 994 263 817 752 

559 521 638 8 515 719 196 61 857 240 
633 357 940 206 808 153 301 452 524 415 
744 453 261 293 127 492 760 613 147 927 
992 476 95 531 847 857 851 150 859 917 
201 814 208 238 328 309 721 363 828 105 
639 720 378 757 5 535 340 946 736 650 
522 435 234 99 578 603 169 951 453 638 
170 686 722 298 375 52 462 20 241 53 
362 730 246 810 850 396 329 990 407 489 
796 255 860 90 381 973 729 849 188 620 
737 552 792 737 180 618 517 894 164 274 
502 806 207 877 266 359 969 448 880 642 
519 872 274 484 299 926 563 450 203 263 
999 111 600 452 55 437 967 119 457 12 
274 504 234 814 372 746 899 958 22 257 
596 548 804 960 251 618 151 4 570 795 
824 715 604 128 562 930 806 226 180 488 
533 415 185 638 987 341 496 419 785 423 
922 433 307 530 559 33 783 551 887 655 
556 502 817 493 49 831 85 609 556 384 
315 294 751 493 304 867 210 955 388 318 
76 491 524 310 671 326 711 482 902 477 
155 701 191 981 342 231 56 301 260 74 
643 32 267 985 937 864 127 416 408 64 
791 819 364 352 76 256 470 903 893 580 

616 434 692 231 348 871 958 207 623 840 
652 708 529 56 868 192 49 599 399 237 
979 845 849 108 985 424 771 905 314 605 
136 479 909 225 553 61 419 189 625 581 
191 674 151 625 503 722 583 356 561 690 
416 545 380 385 339 319 19 738 656 615 
169 81 873 747 740 335 43 574 460 253 
7 163 177 250 661 967 446 293 347 869 
455 585 257 822 195 4 277 165 985 622 
28 779 132 49 703 527 815 405 249 347 
351 457 634 871 739 168 405 374 132 945 
193 699 620 421 554 809 136 398 773 541 
149 20 502 52 124 535 162 916 45 836 
347 524 564 264 735 506 246 21 623 984 
162 87 856 461 224 557 956 749 435 32 
878 920 517 869 711 587 655 634 187 585 
317 411 226 208 931 442 944 283 578 551 
108 195 728 501 473 956 411 505 662 376 
524 512 805 726 307 23 70 32 134 818 
345 856 729 906 630 536 644 599 61 763 
287 264 668 207 382 45 115 792 765 1 
425 227 354 448 941 191 941 796 84 299 
257 792 677 927 423 17 318 140 487 415 
284 922 437 511 661 646 804 342 486 760 
150 237 780 797 543 55 67 962 357 187 

736 331 616 402 622 182 913 128 66 915 
371 875 984 80 68 940 769 470 962 392 
227 997 334 557 279 616 762 621 905 104 
697 653 562 801 163 266 485 47 293 848 
507 22 498 33 462 740 196 584 152 368 
256 731 146 823 133 298 27 242 810 970 
807 24 82 568 187 645 674 607 273 896 
564 471 984 885 730 555 657 983 44 929 
825 523 374 504 681 133 570 715 448 427 
81 535 59 12 377 302 946 830 284 185 
698 217 6 215 162 887 757 104 438 305 
350 921 517 384 900 853 211 240 343 752 
445 725 325 819 120 770 652 141 264 53 
723 136 801 148 803 519 24 750 393 721 
847 849 289 191 810 431 473 836 45 336 
963 577 10 718 352 94 612 578 956 295 
116 506 614 597 94 167 188 744 34 383 
512 748 324 336 12 827 307 104 863 276 
129 724 845 278 384 950 400 776 23 901 
81 196 958 948 100 78 720 171 599 472 
977 733 112 603 708 206 953 837 390 410 
197 301 575 893 151 400 662 767 766 281 
313 84 27 730 103 332 759 861 295 935 
916 209 188 238 554 5 311 938 446 453 
459 318 194 880 430 907 551 174 652 703 

571 401 611 580 770 707 343 178 221 369 
763 348 533 682 788 371 791 282 774 197 
109 828 770 59 935 587 374 477 926 288 
483 398 597 233 141 728 30 389 557 197 
248 26 310 714 585 771 145 868 365 298 
976 527 996 105 293 899 557 1000 256 965 
829 118 603 150 685 408 366 278 734 730 
641 902 654 865 981 448 112 348 481 656 
181 758 430 583 676 44 81 827 626 70 
627 376 626 496 939 589 803 934 382 558 
324 137 276 301 688 452 762 80 738 437 
502 1000 503 668 47 206 925 165 976 638 
231 285 672 297 358 175 507 76 975 587 
686 82 911 707 693 434 118 733 805 88 
454 55 232 892 187 342 443 44 727 677 
834 82 125 974 974 494 809 129 340 466 
889 520 709 240 350 990 909 300 841 187 
428 992 534 369 478 819 449 235 99 929 
347 706 829 944 114 535 822 80 203 24 
21 417 57 651 284 769 779 460 723 468 
879 830 586 265 992 539 600 534 96 35 
199 572 951 606 156 272 903 442 135 351 
812 443 151 6 814 742 178 820 236 580 
719 697 849 590 933 491 286 341 207 53 
530 39 94 30 987 648 556 842 252 702 

1 946 580 962 881 188 162 624 792 427 
275 198 802 548 423 860 757 134 614 847 
226 887 510 149 1000 310 881 792 792 229 
49 163 677 386 195 542 683 569 620 969 
461 500 654 922 892 845 937 943 514 769 
154 514 138 349 923 271 606 230 264 990 
941 737 541 281 355 839 553 670 510 326 
139 985 689 63 646 744 923 372 782 142 
365 925 56 484 438 175 483 916 231 787 
976 347 101 936 570 281 625 120 62 449 
634 131 729 721 381 557 964 881 922 248 
248 372 334 170 681 127 175 204 492 668 
363 328 369 190 688 656 31 993 946 390 
569 209 645 383 756 528 609 534 62 772 
926 250 678 382 380 23 133 498 644 470 
384 183 659 379 770 999 597 226 20 19 
779 225 668 734 618 283 950 598 843 426 
373 241 993 258 775 925 863 349 260 110 
998 34 181 422 175 813 949 14 348 237 
384 102 686 544 693 262 942 759 861 427 
262 80 305 104 267 111 141 898 848 428 
350 625 635 227 501 183 670 150 952 91 
406 547 637 755 163 220 422 186 796 770 
939 351 671 921 474 865 371 914 663 964 
262 652 203 469 742 335 318 804 536 21 

501 614 858 273 113 560 105 165 373 123 
905 5 686 10 48 557 8 949 785 267 
124 163 738 292 827 449 589 983 201 228 
566 707 826 120 273 266 510 175 576 11 
812 144 15 952 503 885 769 940 475 771 
470 801 901 535 771 269 438 597 160 755 
846 704 255 368 136 64 770 172 882 630 
345 733 209 473 422 290 846 223 681 205 
954 131 706 878 963 728 98 846 764 169 
528 730 773 550 964 580 80 662 557 600 
878 191 43 652 245 95 205 37 67 416 
960 64 735 589 555 423 868 999 550 240 
740 805 316 789 630 928 292 726 352 514 
787 190 739 266 471 807 112 144 764 166 
574 624 791 647 545 89 868 791 305 835 
127 243 512 370 164 540 121 764 168 911 
785 444 4 613 63 261 132 815 210 678 
980 920 671 848 917 192 927 335 42 900 
322 868 302 527 271 951 729 86 846 364 
991 46 259 733 230 270 579 497 395 404 
683 280 820 801 486 390 859 356 563 648 
495 167 255 34 410 947 576 788 755 332 
229 568 793 228 94 580 276 289 71 759 
331 254 115 382 269 810 507 164 696 906 
411 875 195 503 872 805 956 704 573 577 

233 910 822 54 543 897 354 409 499 133 
683 742 644 852 602 944 94 210 581 849 
749 724 409 248 429 318 997 30 611 878 
308 238 475 947 768 808 376 677 79 564 
582 227 455 910 975 639 448 78 383 299 
382 733 969 103 163 223 197 818 46 323 
752 196 574 76 578 140 37 652 61 999 
285 77 450 491 483 568 132 631 701 585 
241 99 941 176 476 222 330 713 124 939 
331 910 82 267 907 921 653 609 492 716 
301 16 427 973 817 109 223 322 553 259 
849 488 555 130 185 75 791 599 7 780 
313 882 452 318 313 347 820 991 364 274 
820 199 737 687 11 658 715 64 722 622 
385 836 659 499 766 482 332 933 137 707 
264 482 421 575 441 379 254 267 263 957 
928 854 302 606 872 390 444 534 959 69 
694 987 169 786 341 250 98 433 492 558 
603 826 150 794 191 514 617 534 649 812 
701 948 577 494 347 583 914 147 413 920 
149 563 602 473 83 948 78 597 557 295 
602 62 212 419 225 380 312 922 662 526 
177 110 574 778 94 137 953 244 704 326 
48 361 670 787 341 512 543 739 797 853 
705 646 727 165 925 63 953 129 863 753 

382 634 150 168 298 489 815 760 481 844 
786 481 987 551 921 709 633 536 524 295 
403 713 886 324 985 891 101 982 846 615 
636 524 179 516 816 411 729 504 93 67 
348 175 334 738 311 180 159 865 788 122 
10 792 241 401 227 666 161 801 732 511 
856 568 744 718 43 132 825 375 235 239 
831 258 400 637 695 642 845 87 351 214 
479 613 850 357 933 525 641 735 95 830 
747 868 678 243 82 77 560 976 990 476 
159 798 950 564 774 166 146 616 155 336 
553 517 739 193 59 231 544 149 590 932 
755 218 778 450 218 744 99 378 440 154 
529 241 823 741 457 714 966 3 369 965 
250 679 606 798 422 118 358 997 882 562 
325 849 933 973 320 468 355 703 258 892 
220 72 130 383 522 781 609 700 832 763 
676 105 650 556 134 576 281 948 794 193 
964 970 876 341 549 248 37 80 480 905 
344 388 332 212 807 957 991 389 445 777 
356 598 618 403 315 864 776 404 124 852 
192 928 316 271 827 298 347 729 762 255 
659 588 156 898 496 893 51 669 248 421 
93 930 577 964 75 501 717 954 492 794 
887 764 703 733 907 352 546 333 199 946 

262 680 234 682 510 718 864 972 516 333 
515 957 394 711 665 693 400 525 768 330 
27 289 866 230 415 246 681 718 418 633 
568 194 473 852 759 570 311 639 340 911 
722 181 226 765 579 95 379 618 344 179 
660 488 140 466 413 865 353 756 861 399 
915 804 512 145 428 683 224 93 247 254 
260 944 661 327 323 838 57 395 839 946 
60 816 257 844 911 861 544 822 173 431 
809 813 756 23 214 775 167 965 134 241 
253 578 552 678 190 457 423 319 859 883 
756 421 403 668 167 271 437 577 331 91 
233 318 468 366 445 962 681 365 825 137 
505 1000 585 733 432 257 637 979 422 807 
266 863 972 395 326 847 509 95 134 912 
974 274 760 578 150 620 575 788 283 34 
474 752 490 40 284 261 547 665 425 879 
192 129 109 366 381 756 252 112 309 798 
665 959 728 970 447 555 982 127 217 166 
746 973 123 242 287 955 173 274 371 191 
682 19 278 26 4 225 8 697 237 568 
638 83 246 81 283 387 856 401 766 821 
764 560 623 681 643 918 73 25 628 614 
431 193 705 912 502 699 120 999 238 784 
42 271 239 879 646 596 845 573 715 755 

812 400 159 161 363 491 611 277 696 288 
810 151 686 873 189 717 897 269 641 513 
45 891 59 84 138 264 184 393 520 344 
455 529 106 478 363 658 236 276 770 855 
516 170 895 718 386 966 999 475 238 79 
69 87 230 657 311 288 797 776 429 320 
2 893 140 821 446 593 119 771 107 517 
496 907 404 549 378 946 905 816 166 802 
975 161 159 841 257 98 830 579 657 405 
268 256 581 947 771 141 1 504 491 483 
200 997 870 34 138 763 539 732 212 72 
891 33 835 3 748 622 646 303 208 460 
134 833 373 578 671 306 211 810 523 660 
560 508 635 804 836 716 773 603 675 932 
636 684 5 82 522 246 926 7 509 895 
511 389 157 428 433 693 281 610 797 99 
901 195 422 587 52 402 272 313 573 782 
633 969 95 446 44 506 179 288 333 140 
86 337 736 395 324 12 456 739 475 35 
496 626 301 239 27 963 987 255 765 600 
9 466 581 229 638 221 177 748 232 683 
392 124 977 167 981 465 516 867 465 114 
982 366 213 653 868 767 42 138 104 436 
760 698 67 513 937 125 369 177 275 894 
7 670 847 96 606 225 46 157 53 191 

572 250 120 690 251 556 186 51 984 881 
123 88 876 374 705 2 898 340 288 322 
611 377 114 713 459 456 525 957 897 912 
999 642 834 541 266 167 314 129 351 515 
855 688 123 427 430 45 325 933 754 512 
451 737 320 45 135 964 4 331 341 812 
905 353 626 332 698 945 691 261 811 505 
667 504 511 86 314 205 840 471 69 994 
40 850 578 269 11 625 864 264 576 882 
328 151 371 682 949 291 92 383 261 44 
14 239 413 352 519 636 959 782 762 596 
826 329 77 58 445 678 459 726 67 140 
57 533 45 565 234 513 962 776 498 806 
663 356 897 762 615 549 303 857 985 591 
946 939 692 307 504 799 420 188 304 604 
257 344 111 436 715 790 363 342 864 732 
409 663 249 414 839 617 272 342 536 535 
610 599 387 205 740 447 746 306 998 703 
891 90 922 780 185 542 620 331 32 779 
366 22 179 666 659 969 381 228 591 595 
209 252 944 613 403 442 784 957 474 539 
37 359 964 969 222 344 280 996 166 298 
449 614 390 734 871 791 660 77 701 205 
990 165 563 552 692 284 786 113 849 805 
449 721 447 901 202 369 133 852 947 277 

354 573 453 447 295 412 870 509 614 938 
215 962 931 594 157 781 615 793 728 795 
935 343 214 573 806 912 149 66 303 577 
986 826 9 179 588 64 488 985 879 789 
7 217 898 100 784 116 568 241 903 165 
822 944 786 380 561 79 976 744 53 947 
356 942 750 579 849 140 31 127 282 907 
851 630 153 256 502 98 659 186 227 37 
805 497 364 663 121 947 139 254 487 357 
332 317 892 899 678 40 419 856 125 412 
38 20 289 298 954 633 340 549 181 644 
742 768 161 188 745 169 102 228 308 843 
153 15 799 823 23 16 155 672 391 263 
151 113 786 387 714 551 211 531 963 693 
183 858 114 763 171 478 597 94 400 167 
514 86 455 591 440 530 68 854 956 436 
261 602 252 996 303 761 501 877 549 974 
556 882 935 813 822 918 163 143 185 182 
431 556 991 791 930 956 871 382 21 891 
337 92 885 256 812 782 341 580 970 566 
182 523 470 883 222 716 667 320 521 335 
404 288 282 251 755 725 472 126 178 435 
457 833 571 127 479 841 80 766 628 974 
834 400 687 808 226 577 572 766 464 859 
525 743 855 685 787 189 605 385 338 885 

84 392 87 303 554 62 851 117 704 661 
868 61 748 659 1000 303 743 723 953 782 
582 916 279 126 537 524 56 833 894 370 
144 625 475 70 369 613 893 145 400 844 
35 59 509 347 225 657 649 551 109 731 
77 337 404 374 246 548 619 70 107 567 
989 937 98 507 639 701 37 67 516 887 
656 159 825 664 207 327 792 432 522 632 
117 119 864 160 171 911 484 913 204 235 
466 695 810 910 1000 65 800 628 732 354 
368 601 738 269 227 827 594 650 994 288 
99 2 655 823 746 436 66 168 176 965 
260 811 870 746 598 609 10 141 351 844 
375 153 248 791 589 150 328 781 278 722 
462 563 219 118 313 125 594 572 897 49 
329 985 692 469 335 934 72 849 647 878 
316 685 324 64 900 529 51 386 616 638 
842 569 76 87 84 578 622 951 26 896 
185 489 81 92 340 530 781 933 41 711 
25 261 654 670 684 911 158 846 786 633 
980 925 384 974 269 189 949 984 203 109 
401 656 73 921 854 709 442 426 641 334 
328 307 615 808 493 432 303 902 171 807 
820 852 12 979 902 873 24 460 733 79 
922 825 518 860 418 41 273 102 640 468 

321 953 541 708 944 417 130 715 469 774 
341 739 535 609 935 856 446 426 342 990 
414 607 507 897 923 669 163 40 251 839 
742 617 206 527 73 19 742 751 492 678 
982 645 83 699 372 474 909 419 502 250 
774 665 95 921 853 542 134 162 269 607 
290 326 491 713 655 246 404 608 719 82 
212 594 82 93 902 543 435 158 959 485 
536 343 657 333 471 443 560 623 416 947 
247 462 23 509 32 243 6 760 261 107 
557 218 321 615 521 917 85 87 652 141 
348 678 754 699 878 875 599 671 93 349 
474 480 393 589 210 171 908 40 570 636 
388 643 918 575 484 309 490 837 937 714 
543 512 205 805 341 533 110 667 360 636 
851 576 522 745 20 467 899 936 367 352 
867 666 618 840 667 874 836 587 695 30 
313 1 988 893 825 555 922 677 808 349 
992 978 403 576 217 110 527 304 266 964 
522 306 696 562 566 356 724 369 377 242 
47 590 854 324 227 750 441 496 399 492 
444 824 632 642 716 196 495 936 563 878 
383 23 420 376 763 261 97 573 602 694 
812 249 433 607 983 554 860 618 916 540 
117 952 347 261 704 410 463 701 964 502 

95 923 610 650 278 215 819 617 394 676 
939 17 476 394 487 552 444 828 543 105 
818 550 164 563 788 788 296 604 411 235 
976 8 340 440 667 756 479 362 287 176 
193 809 968 344 874 179 279 425 462 778 
60 356 580 199 836 444 664 868 16 383 
32 821 627 414 833 461 937 789 576 927 
104 473 247 147 513 988 445 916 163 75 
116 299 91 657 337 110 172 475 886 390 
672 211 503 364 221 833 895 513 326 37 
752 975 647 429 92 899 526 334 30 567 
161 876 967 784 835 530 394 253 190 457 
615 578 592 928 328 415 38 831 629 853 
865 324 895 146 802 954 814 232 14 605 
636 274 810 358 430 425 158 638 686 473 
881 108 98 848 1000 375 713 872 869 666 
691 304 481 83 526 263 434 882 56 116 
651 561 671 757 86 504 634 374 978 413 
318 269 445 374 599 183 712 231 573 813 
412 281 522 652 160 48 868 263 79 267 
703 477 396 570 712 618 14 986 794 46 
881 128 97 15 825 654 935 760 367 783 
681 663 178 844 577 943 476 29 242 426 
90 319 734 811 104 305 39 407 752 700 
910 658 969 893 695 968 943 500 706 322 

271 89 983 261 814 444 865 257 902 673 
207 983 721 470 370 576 457 972 26 716 
509 695 767 617 779 126 489 264 693 224 
526 574 14 581 359 792 786 623 713 404 
735 397 188 511 972 838 157 258 494 925 
756 91 701 473 933 900 136 778 486 918 
949 755 334 20 318 689 320 88 692 615 
466 222 93 991 544 466 357 769 655 73 
382 515 242 418 183 532 526 443 758 945 
863 363 789 547 615 892 493 223 82 396 
181 875 483 48 529 785 35 183 59 989 
742 39 346 702 367 2 325 751 685 982 
190 955 500 839 807 674 339 453 749 62 
494 542 110 11 676 713 347 946 358 647 
774 220 549 666 739 751 944 258 470 234 
95 748 568 48 907 74 801 735 562 928 
580 853 339 763 541 88 278 850 283 714 
609 490 406 869 754 195 503 764 959 716 
170 774 999 934 692 233 230 67 548 178 
123 109 611 623 802 182 283 392 536 283 
897 865 283 687 370 33 357 897 711 919 
564 85 488 385 650 68 114 821 853 539 
800 748 878 515 826 929 234 565 352 133 
483 403 573 783 812 863 756 262 374 309 
259 159 309 424 930 469 626 637 354 732 

255 553 517 803 4 931 569 173 156 25 
508 974 166 100 591 925 797 58 162 30 
838 463 403 572 685 435 974 185 750 394 
916 190 852 286 939 697 692 637 240 57 
255 322 487 499 490 220 55 282 237 120 
166 32 101 655 223 15 809 935 614 613 
167 355 503 259 765 866 210 701 919 176 
135 895 851 631 1 284 606 179 429 686 
532 616 318 652 298 676 463 414 740 924 
280 986 805 31 109 540 209 229 522 311 
748 357 374 766 969 473 970 825 682 122 
536 41 19 923 380 962 349 583 387 75 
699 209 150 62 374 199 621 472 105 726 
507 175 956 252 973 823 33 248 826 539 
207 225 26 91 202 601 854 722 727 696 
459 301 312 783 374 755 605 667 214 799 
540 358 772 934 406 660 236 360 865 771 
441 65 221 624 441 349 984 553 221 917 
919 598 663 4 371 286 81 896 311 971 
498 873 235 468 903 379 514 183 131 907 
996 971 198 499 11 254 383 701 437 868 
169 682 198 370 343 168 835 933 375 309 
326 910 135 582 613 586 459 294 177 146 
913 599 815 656 155 857 185 548 810 573 
802 977 898 145 923 588 506 313 64 125 

336 970 266 781 615 654 498 46 511 615 
915 376 504 412 652 513 414 379 904 202 
812 460 486 194 48 354 703 91 682 336 
123 606 20 848 530 679 856 122 347 672 
37 502 190 495 879 858 3 647 753 458 
807 407 67 931 298 709 771 45 697 520 
61 900 939 536 691 829 302 661 67 89 
88 562 59 803 93 856 373 521 531 738 
690 477 390 852 848 160 445 899 891 179 
81 707 661 509 377 418 125 491 855 815 
816 731 512 762 43 287 189 75 452 594 
68 650 491 972 398 25 787 93 607 715 
280 635 584 283 856 507 468 709 306 865 
940 725 32 64 347 433 195 713 368 31 
170 36 79 358 858 703 359 142 340 513 
329 990 482 749 21 377 848 775 413 904 
962 439 862 6 233 409 721 382 932 993 
302 101 640 183 963 719 240 118 888 914 
859 44 323 508 17 777 921 381 731 799 
811 220 492 622 12 3 836 388 468 530 
414 263 678 925 406 139 289 468 829 890 
849 86 520 78 235 92 684 967 131 182 
426 605 430 681 346 276 726 92 545 467 
49 677 241 347 504 406 533 848 792 990 
25 305 123 665 91 151 116 519 957 487 

820 166 213 288 439 495 411 955 501 144 
959 949 330 270 62 758 573 177 747 95 
841 549 973 181 213 620 236 800 411 677 
818 962 403 515 732 784 477 749 550 202 
241 760 504 906 342 407 427 695 692 438 
833 966 275 521 486 253 568 255 675 168 
274 334 693 167 81 909 679 101 281 876 
837 945 9 876 963 787 590 526 400 350 
990 348 471 855 798 929 199 178 491 298 
256 703 721 369 748 870 140 989 414 552 
522 724 390 569 581 851 248 806 674 483 
255 531 610 564 397 762 283 446 879 834 
534 276 650 461 471 79 665 295 351 195 
121 520 809 788 466 680 54 846 326 557 
360 247 543 574 249 310 243 453 538 624 
342 791 802 750 427 266 413 639 26 51 
336 999 576 228 381 141 602 576 539 285 
295 399 891 666 952 200 386 1 696 841 
769 590 76 303 719 7 441 551 297 107 
464 504 431 64 915 438 414 39 308 240 
701 88 609 532 600 236 218 351 285 854 
342 839 355 425 848 316 188 65 214 50 
582 881 51 944 61 855 633 518 485 849 
305 576 523 670 550 996 297 100 52 429 
763 581 588 198 837 89 868 998 201 506 

88 805 890 545 67 346 433 100 820 602 
106 588 289 480 469 712 524 136 654 747 
840 985 652 390 433 510 161 117 551 435 
767 642 769 463 477 565 72 374 307 254 
923 972 419 384 468 769 324 925 765 367 
278 313 476 796 103 752 775 439 975 462 
360 941 677 283 783 977 71 979 66 149 
692 574 213 675 507 12 722 945 191 750 
631 640 945 813 370 860 284 172 796 186 
22 492 897 210 43 267 555 601 729 547 
25 13 148 276 860 831 615 361 443 738 
655 891 843 54 600 680 64 563 915 881 
114 789 518 919 808 468 994 163 565 433 
515 839 669 464 554 839 854 168 394 967 
999 795 851 84 177 702 354 690 919 48 
502 377 95 130 312 566 950 322 442 106 
421 640 820 69 926 453 806 312 780 414 
889 14 965 453 4 24 537 57 184 498 
736 75 330 418 309 624 187 442 619 605 
82 425 859 926 276 638 468 388 353 167 
351 210 622 797 663 38 585 208 955 360 
537 178 753 932 241 260 610 527 96 666 
160 835 698 712 135 371 380 521 406 133 
890 444 101 427 441 261 388 496 83 396 
519 458 29 143 27 59 90 961 983 167 

854 471 51 454 787 127 705 591 795 343 
902 705 202 910 463 313 200 693 643 65 
841 539 445 503 373 228 750 817 54 999 
4 945 518 505 589 661 700 21 545 275 
354 608 18 878 88 598 925 188 854 567 
446 835 683 694 541 487 289 143 394 93 
557 958 841 796 239 296 742 272 806 779 
295 414 592 468 332 46 900 571 335 140 
288 465 483 653 986 573 207 938 824 713 
871 391 877 616 790 264 873 715 454 95 
488 48 883 376 910 954 394 128 7 855 
901 634 793 83 724 56 445 991 738 225 
730 641 373 671 8 779 739 965 677 51 
180 395 450 973 668 529 875 979 734 661 
96 503 191 204 358 302 575 730 773 957 
720 555 928 49 764 653 30 752 400 819 
75 240 586 354 413 962 532 385 759 566 
318 707 872 606 365 388 841 578 957 357 
697 511 631 671 505 399 419 906 38 870 
381 819 889 793 775 846 185 687 249 689 
699 389 163 948 591 978 175 865 802 15 
998 536 34 189 545 392 181 339 156 524 
681 198 113 259 650 175 899 966 284 83 
189 95 534 534 189 54 523 468 500 619 
200 901 267 323 847 558 124 371 381 327 

70 525 158 64 622 813 515 194 781 730 
321 47 78 261 969 665 596 387 262 116 
46 939 395 563 378 230 520 915 162 337 
929 537 696 76 917 828 827 152 46 769 
991 611 453 43 6 218 947 96 792 995 
416 65 643 416 684 817 620 690 454 587 
737 91 280 185 780 106 495 345 703 324 
739 6 71 535 91 262 115 767 509 321 
393 380 144 652 181 17 994 521 25 590 
833 399 362 200 594 209 344 693 907 968 
588 146 257 350 543 120 192 929 678 546 
398 644 759 736 390 245 442 248 726 713 
368 273 160 671 606 144 432 887 85 143 
26 544 944 576 664 668 669 901 38 460 
863 805 991 555 226 941 651 476 572 917 
375 546 867 5 955 523 627 635 521 843 
980 678 971 722 293 808 961 166 386 638 
157 607 358 791 599 884 874 333 671 936 
1 670 142 587 249 42 522 34 482 762 
758 423 675 981 414 878 817 177 547 701 
447 547 628 849 283 128 470 648 223 703 
48 554 594 229 394 982 682 22 487 549 
51 147 206 9 99 185 44 652 989 555 
455 776 738 997 851 931 278 744 949 206 
536 996 865 449 736 384 899 56 845 579 

719 212 38 24 794 706 620 347 869 947 
177 887 956 9 428 578 707 556 647 871 
851 799 823 146 751 774 241 1 826 20 
396 263 412 358 43 160 921 657 582 516 
679 396 341 187 651 430 893 108 395 765 
518 350 161 83 298 779 660 945 982 247 
46 656 661 852 542 660 25 931 155 495 
73 354 285 199 497 545 379 415 485 786 
435 790 147 788 726 58 387 438 560 642 
423 363 64 701 18 274 99 982 234 714 
929 892 157 823 812 748 93 120 76 221 
300 37 597 431 846 169 99 371 256 891 
434 504 156 427 551 3 49 447 166 987 
581 795 378 936 106 731 407 234 633 144 
151 520 642 739 430 679 822 13 999 87 
586 826 586 508 365 593 580 753 12 444 
533 300 801 464 39 130 704 644 763 577 
445 153 644 864 790 462 808 95 109 144 
778 77 498 155 873 821 594 780 694 328 
209 562 616 345 992 848 615 323 175 819 
362 499 521 524 529 916 770 461 618 198 
97 763 725 935 550 943 398 645 210 52 
533 216 153 784 311 810 840 683 979 243 
718 665 468 446 677 703 649 221 581 448 
301 542 540 836 527 826 119 245 818 674 

711 9 210 552 28 550 835 110 395 705 
634 33 47 581 128 363 552 444 81 739 
894 823 81 941 780 941 577 801 485 37 
876 636 952 788 933 49 834 452 188 158 
295 27 556 414 313 655 478 993 916 338 
3 6 199 906 964 940 523 189 130 322 
440 751 261 525 844 667 380 139 475 611 
617 433 542 296 586 826 179 663 367 273 
664 514 63 509 654 778 280 882 295 533 
379 967 216 507 52 523 965 928 634 61 
367 994 226 376 494 767 499 748 983 302 
730 243 979 706 4 80 629 669 837 840 
521 763 683 189 325 114 41 150 177 226 
172 241 902 328 368 923 336 234 240 845 
107 490 288 831 710 188 42 665 538 733 
530 918 681 441 34 863 719 603 341 656 
10 753 413 444 680 31 946 810 148 329 
384 429 608 605 544 836 762 606 26 390 
935 882 271 411 151 734 665 435 326 158 
615 783 278 774 402 857 45 439 649 268 
66 754 980 387 286 942 786 251 165 610 
507 728 186 410 525 488 364 882 368 537 
817 955 776 772 462 623 893 774 548 342 
948 258 586 751 939 560 686 22 855 332 
544 223 902 567 564 374 540 205 413 429 

942 915 74 322 55 430 330 246 270 372 
487 758 868 540 100 167 342 596 22 747 
607 366 884 6 562 370 621 447 114 954 
917 991 51 423 488 579 237 758 315 586 
83 475 133 86 216 601 520 922 972 327 
559 551 217 370 991 357 776 554 349 60 
66 622 155 25 528 102 122 199 121 556 
903 731 823 18 965 485 584 194 958 472 
477 464 233 16 877 392 570 982 695 110 
716 565 993 826 231 290 140 567 554 109 
291 120 711 769 375 122 977 38 349 335 
278 881 442 832 492 648 564 975 149 424 
175 216 202 2 817 213 609 850 287 620 
102 693 884 473 947 165 30 714 599 742 
206 303 775 750 386 902 992 942 573 160 
80 763 473 622 495 636 474 928 112 377 
306 403 759 791 820 440 643 686 9 908 
8 823 100 107 571 285 462 260 596 83 
216 787 146 455 13 264 491 649 451 379 
158 79 933 476 30 164 802 341 494 404 
938 926 357 959 526 555 609 232 989 671 
450 405 358 424 653 725 153 192 829 915 
20 6 754 773 839 976 161 26 854 759 
486 231 377 640 772 984 301 183 960 407 
224 482 137 6 111 366 32 404 352 564 

556 111 163 457 614 182 896 226 575 580 
739 666 841 714 141 765 208 184 332 55 
171 378 275 731 15 807 974 938 59 627 
629 788 573 38 533 205 523 887 103 985 
511 688 731 939 713 43 303 577 768 199 
644 631 987 415 860 915 719 663 471 911 
373 412 273 643 755 146 90 67 405 591 
505 532 539 394 462 641 554 585 956 585 
130 660 237 62 699 360 716 113 636 838 
34 907 361 629 405 174 187 483 868 934 
207 137 719 437 559 712 941 847 279 990 
44 858 165 362 684 784 290 649 932 391 
145 57 296 870 657 789 129 239 470 9 
308 508 598 270 958 368 251 986 397 479 
832 915 317 792 275 937 156 238 828 569 
133 993 269 36 569 639 889 35 549 382 
362 459 684 996 606 556 875 586 674 383 
39 283 503 598 38 719 706 728 684 144 
799 923 398 692 537 830 100 377 412 505 
75 209 476 698 369 348 816 508 725 627 
379 593 788 283 221 162 252 291 197 176 
77 611 661 238 387 754 932 260 629 234 
409 336 693 668 669 102 646 39 313 733 
957 412 514 794 727 690 805 552 357 605 
23 776 147 138 956 332 450 535 906 401 

413 63 111 312 888 650 111 279 890 995 
81 989 623 449 486 398 153 598 253 842 
189 540 608 638 60 75 687 476 350 409 
463 989 959 968 650 603 879 960 21 729 
92 56 63 109 914 888 679 413 568 871 
28 57 216 795 356 536 91 21 994 334 
300 470 326 837 292 783 641 505 292 123 
605 72 21 463 393 428 911 729 612 731 
247 960 793 938 192 78 145 655 286 748 
479 605 614 551 357 598 605 793 939 742 
873 291 266 765 355 806 288 233 512 260 
60 280 543 275 390 221 127 208 367 977 
288 29 544 20 954 655 521 183 776 254 
453 550 159 884 25 414 315 887 755 671 
514 385 934 34 998 401 790 651 607 229 
255 136 411 5 396 842 488 726 34 932 
258 966 988 505 57 580 193 426 6 528 
557 713 408 837 89 780 822 46 440 22 
481 925 892 199 481 134 544 854 947 536 
713 357 527 207 70 272 340 866 426 313 
871 772 266 10 974 524 854 55 12 724 
471 473 914 619 905 325 894 840 772 376 
370 712 13 365 803 829 278 394 621 263 
743 83 238 932 470 896 491 803 32 843 
946 985 498 337 286 699 963 508 686 243 

907 75 488 485 227 292 519 362 618 499 
876 360 6 906 220 897 566 96 10 504 
93 274 568 413 863 185 783 325 881 866 
138 608 690 431 432 930 851 174 457 650 
104 927 944 454 338 381 70 484 172 922 
752 869 816 976 177 759 105 849 904 958 
631 251 651 113 101 653 645 57 272 945 
692 5 814 665 757 193 266 984 363 38 
52 565 327 974 581 88 778 804 244 961 
253 299 684 676 11 715 381 847 271 7 
807 447 406 465 125 414 981 474 296 383 
178 570 241 621 963 363 45 6 17 957 
563 92 329 16 127 991 140 706 172 445 
426 980 646 90 804 620 834 585 920 362 
687 605 202 272 200 732 514 172 614 209 
785 167 413 523 112 436 101 902 999 663 
288 890 768 60 566 460 749 393 470 541 
363 109 189 771 527 725 872 90 695 822 
745 423 183 610 39 382 529 662 705 413 
872 343 822 187 776 804 521 894 698 82 
240 661 62 110 84 337 841 252 134 259 
646 999 656 320 859 293 597 875 753 437 
42 279 166 306 565 282 994 625 77 483 
781 554 990 222 190 182 639 995 666 739 
450 630 106 230 161 120 999 838 966 878 

547 859 25 285 674 829 878 49 145 915 
532 824 153 820 370 13 462 582 25 209 
768 292 915 754 48 519 295 751 579 468 
576 90 523 313 525 286 564 738 961 167 
445 339 634 564 95 694 100 967 679 594 
467 935 880 366 71 580 354 173 340 176 
446 871 20 694 305 25 487 229 895 138 
249 752 216 316 149 449 558 144 960 51 
614 750 526 499 957 614 700 760 525 118 
15 3 307 338 896 833 618 214 665 663 
383 306 44 685 403 150 504 312 438 871 
600 610 681 468 544 120 896 977 882 408 
647 762 852 118 519 926 515 561 308 873 
725 196 577 456 36 642 238 837 601 524 
26 252 505 418 529 209 598 640 738 170 
25 342 270 784 527 190 406 11 737 351 
815 682 746 473 508 548 441 531 316 296 
745 949 76 702 155 825 74 174 381 295 
278 490 412 90 909 159 593 945 855 847 
918 453 21 928 22 882 562 813 229 517 
559 80 18 517 548 708 5 291 183 180 
285 717 237 67 145 408 916 866 236 188 
979 950 284 407 389 658 222 613 807 217 
1 356 997 199 237 294 632 815 76 86 
943 160 182 952 832 554 438 564 51 98 

599 599 359 58 318 462 464 323 702 675 
29 314 451 178 580 508 87 7 984 971 
122 108 64 705 387 756 505 91 667 85 
218 253 966 979 569 676 923 570 38 903 
54 414 875 651 938 914 761 92 205 702 
707 387 183 14 306 279 316 537 600 2 
430 624 235 929 933 612 285 735 499 544 
631 433 413 805 514 723 788 490 870 342 
900 797 82 532 229 706 182 927 765 34 
625 814 780 203 967 46 519 457 354 432 
65 71 391 691 338 360 291 42 368 390 
730 375 613 870 800 776 942 579 885 830 
410 183 603 842 331 937 572 279 821 941 
438 149 321 306 590 362 393 868 541 578 
698 377 478 138 646 41 18 448 673 81 
277 198 418 115 875 832 174 966 889 952 
27 941 712 896 351 655 399 508 629 527 
24 658 590 511 176 329 707 798 226 601 
590 951 404 21 318 851 709 68 927 207 
286 662 891 810 260 618 328 375 173 153 
980 965 944 887 42 84 552 853 892 793 
786 725 844 937 565 1 588 500 659 121 
252 665 478 146 578 514 113 683 512 382 
384 448 101 875 966 781 269 652 625 236 
605 96 402 653 66 259 770 18 39 549 

125 16 938 816 161 934 350 356 987 920 
622 546 795 645 544 128 223 738 588 434 
219 354 83 474 344 494 735 983 890 59 
35 62 895 231 231 748 458 85 826 550 
968 715 469 280 493 179 433 210 209 530 
96 212 427 811 117 348 797 693 901 41 
191 874 466 461 359 165 458 114 999 89 
465 169 515 396 820 882 207 862 658 803 
986 384 569 80 57 142 194 663 341 617 
203 468 282 691 391 355 911 597 987 942 
956 389 105 913 176 247 280 207 870 414 
944 903 107 641 632 781 887 81 290 589 
901 836 697 106 642 554 129 973 928 213 
869 94 331 77 992 304 981 29 309 100 
83 738 982 458 432 530 469 320 169 447 
420 828 217 926 325 893 816 270 518 226 
240 63 661 478 358 806 385 39 654 434 
934 297 783 594 60 310 26 534 416 919 
9 347 232 328 702 77 483 809 254 623 
245 942 274 717 978 902 631 650 222 629 
677 372 412 330 382 817 23 142 744 373 
292 124 253 178 258 324 344 918 861 106 
454 97 122 269 822 539 191 797 242 786 
819 703 431 110 990 495 554 639 977 779 
416 527 235 829 181 74 602 222 435 901 

794 962 559 323 634 265 707 775 776 248 
253 781 833 654 881 335 945 892 683 417 
55 945 624 67 667 371 556 676 355 260 
272 463 24 361 26 708 862 355 100 314 
862 237 777 757 236 190 602 665 11 565 
899 109 798 568 897 399 686 325 783 527 
629 918 230 711 314 268 97 52 524 494 
558 927 776 52 755 266 297 252 276 527 
142 748 321 871 720 341 28 559 825 307 
711 842 839 878 516 204 873 42 663 780 
805 237 953 547 201 235 401 1 217 825 
556 779 540 423 858 342 132 956 691 144 
531 605 967 40 317 513 314 660 963 619 
706 270 824 373 710 740 318 584 551 478 
185 766 946 706 522 275 291 641 752 36 
455 151 792 648 286 436 858 266 889 155 
767 557 67 54 922 484 219 712 657 614 
151 430 700 745 876 354 583 342 389 618 
996 612 655 695 498 602 700 71 303 179 
414 769 244 905 368 162 394 907 23 844 
36 890 88 190 167 130 526 826 967 666 
762 632 886 866 424 326 64 716 684 451 
770 762 429 453 166 175 499 879 64 286 
373 304 910 704 420 184 943 197 33 953 
2 269 389 280 497 732 540 696 821 270 

447 682 649 672 673 522 987 818 781 695 
260 630 331 346 255 727 738 691 49 494 
877 448 306 563 992 981 895 205 267 893 
271 313 495 375 758 148 749 841 627 8 
258 799 127 863 869 558 777 34 795 983 
508 683 314 442 31 805 378 692 991 482 
56 302 81 938 929 674 764 806 929 919 
421 537 463 382 625 845 537 686 522 28 
568 350 810 128 792 575 687 742 812 346 
702 96 291 482 279 911 412 934 301 791 
488 538 473 597 742 913 2 889 741 157 
544 12 503 149 202 730 133 765 980 402 
115 987 585 13 386 797 329 539 406 509 
69 546 387 798 960 394 854 564 914 36 
93 252 732 949 305 732 624 684 412 497 
900 43 145 395 807 799 711 824 334 631 
189 779 51 10 474 729 58 213 184 99 
901 744 593 611 965 53 308 143 319 909 
694 104 412 174 560 955 748 754 535 590 
822 888 562 173 632 28 296 969 593 153 
71 770 879 115 667 314 74 513 102 495 
193 849 13 982 541 531 487 293 339 313 
740 756 397 626 625 889 782 878 615 321 
203 135 373 439 809 929 381 911 354 88 
968 504 932 103 581 534 224 854 453 332 

399 960 197 422 379 154 160 368 319 905 
334 253 725 111 449 689 630 728 187 957 
220 308 34 444 378 209 655 14 339 128 
285 582 883 63 445 908 975 291 190 522 
81 314 344 790 482 798 73 604 112 42 
114 692 707 137 683 926 957 474 735 360 
230 406 189 980 285 284 617 492 862 236 
914 607 873 707 189 359 862 173 647 469 
464 240 377 229 39 14 771 443 782 559 
47 17 421 280 768 898 63 141 927 495 
344 81 72 347 183 761 439 706 505 562 
588 303 392 541 787 157 723 116 809 416 
309 786 970 458 22 245 91 156 94 980 
530 423 456 583 178 126 810 934 202 226 
431 891 980 532 216 791 560 10 475 627 
329 487 521 32 960 706 897 712 160 45 
741 422 719 485 551 726 336 588 672 822 
991 711 974 66 886 92 963 613 322 575 
486 510 494 373 793 31 293 43 341 663 
247 1000 700 786 370 111 134 599 887 353 
493 9 660 794 778 826 61 940 254 456 
496 537 529 154 689 944 657 734 857 296 
33 573 450 832 343 631 264 704 395 834 
768 213 913 183 256 170 935 716 172 904 
458 862 273 771 983 583 696 259 976 341 

63 374 675 523 593 502 105 14 454 787 
81 180 434 354 97 988 107 605 519 419 
664 305 554 986 925 82 458 76 546 764 
38 762 269 357 778 881 169 13 124 746 
182 447 750 249 95 381 832 394 10 646 
107 235 326 636 558 329 753 616 298 288 
490 209 713 884 955 798 54 722 353 612 
485 697 291 723 257 632 215 902 122 32 
719 938 741 420 615 339 254 245 324 766 
555 740 680 526 447 149 684 399 478 543 
189 299 397 669 197 679 449 0 836 906 
953 908 835 848 421 891 181 841 709 162 
655 457 668 451 532 508 684 783 284 370 
784 953 968 419 942 941 289 208 410 175 
974 927 473 450 323 619 150 822 841 449 
285 59 704 994 842 554 695 159 361 346 
364 995 949 211 938 110 195 19 291 927 
873 914 9 818 241 812 918 582 318 43 
84 73 419 585 214 200 87 438 197 424 
209 226 72 677 904 809 299 905 82 327 
272 474 492 111 86 772 534 879 760 969 
740 259 470 383 746 773 78 420 546 879 
346 749 165 61 174 121 18 457 486 393 
478 772 14 675 889 625 355 859 629 229 
744 276 910 442 216 545 18 645 160 196 

736 704 315 357 60 129 178 404 340 425 
473 630 2 855 847 10 981 124 634 396 
310 600 601 166 230 420 991 792 991 328 
510 73 783 700 681 855 311 130 110 69 
331 307 797 813 335 335 288 626 693 304 
258 924 221 19 357 242 793 152 614 868 
665 254 281 781 271 670 63 555 178 723 
178 72 892 778 0 470 141 345 560 222 
236 637 406 512 714 433 413 490 210 699 
953 776 537 713 479 928 692 329 967 412 
472 798 608 58 309 907 637 80 611 106 
530 339 37 35 71 479 311 296 10 298 
979 51 616 337 514 961 229 863 842 847 
220 462 646 377 57 549 72 749 630 712 
799 496 788 828 409 304 170 478 741 563 
251 868 945 830 161 667 588 806 208 334 
406 653 98 598 556 538 602 566 492 267 
269 282 403 834 488 534 13 692 981 728 
92 680 51 100 735 505 131 160 231 911 
762 319 416 812 59 575 433 125 752 102 
362 329 587 449 27 535 919 643 85 975 
244 896 322 905 382 157 272 420 298 294 
213 869 603 588 547 60 438 506 74 101 
946 377 897 48 895 619 973 731 622 23 
133 341 624 843 183 446 526 980 96 321 

494 799 889 153 424 711 774 191 484 718 
879 678 986 458 726 624 272 392 691 414 
41 227 125 256 673 495 438 101 733 956 
265 616 842 551 952 222 770 485 581 143 
355 862 27 303 633 903 125 79 96 597 
91 832 113 103 671 560 549 893 111 422 
995 198 794 922 616 814 555 64 465 713 
554 664 676 71 896 793 609 483 543 575 
839 667 557 348 370 519 770 72 873 7 
231 670 84 145 358 569 331 706 388 10 
23 366 885 432 812 28 699 768 667 667 
203 422 698 406 254 185 398 21 707 109 
462 282 946 974 783 384 989 301 649 974 
752 890 385 654 73 76 519 763 649 547 
975 818 37 356 297 940 985 1 31 321 
735 33 942 619 937 346 396 70 580 969 
271 745 174 741 793 170 499 948 132 559 
970 486 689 343 523 462 0 598 774 971 
381 861 352 349 23 252 697 878 537 986 
969 488 602 439 910 428 925 210 496 74 
731 951 1000 205 632 3 392 175 270 793 
851 991 718 64 580 37 239 412 314 845 
196 90 600 781 49 356 263 195 720 256 
398 515 267 908 554 340 981 997 953 206 
497 898 512 442 769 582 224 91 79 133 

158 936 475 254 888 717 937 998 944 231 
938 46 24 104 122 782 733 589 976 635 
470 418 160 458 885 117 820 82 842 461 
492 240 255 815 844 90 868 669 171 719 
906 578 105 791 113 30 237 114 514 198 
488 294 264 216 704 986 235 767 365 483 
504 764 488 479 653 518 761 30 571 907 
787 778 611 921 806 599 540 332 956 400 
827 518 797 837 7 341 961 945 766 162 
165 392 793 569 941 486 526 668 927 584 
774 71 820 684 196 410 27 482 943 111 
889 664 999 841 63 121 229 708 877 176 
505 496 242 628 461 469 725 25 683 944 
703 929 516 676 914 755 493 969 285 463 
781 28 111 516 80 6 298 232 965 577 
170 944 386 655 182 78 80 508 915 814 
412 203 691 252 256 573 458 843 334 981 
129 270 742 814 989 940 119 611 980 778 
359 726 165 854 748 323 181 394 699 122 
216 725 583 234 277 516 522 901 367 460 
184 643 761 832 75 106 177 426 510 508 
161 965 124 293 739 515 322 556 962 545 
82 768 638 433 605 551 478 198 910 346 
952 489 811 847 723 611 142 947 44 950 
937 107 618 14 710 229 886 404 821 942 

669 509 264 802 733 902 900 156 303 684 
601 606 701 770 378 385 91 683 95 99 
187 163 856 168 478 990 913 553 190 570 
147 997 866 497 666 94 249 241 661 913 
921 779 716 236 233 336 997 443 131 6 
515 173 853 232 411 326 293 244 285 308 
180 423 826 559 806 890 712 833 112 149 
370 323 396 986 75 268 914 18 303 388 
50 16 389 4 262 320 599 149 599 63 
65 875 910 513 658 529 553 225 878 438 
45 300 474 77 772 194 522 286 324 399 
98 385 514 797 111 931 357 250 306 762 
189 920 482 857 831 131 930 318 516 614 
397 316 130 556 281 60 191 579 933 192 
210 48 80 807 785 456 322 887 736 64 
533 24 549 579 857 472 255 746 878 725 
34 361 192 216 524 198 360 274 743 433 
237 537 660 778 760 680 797 800 702 286 
674 947 551 605 900 1000 569 647 804 877 
235 655 552 951 205 981 547 929 748 295 
690 306 528 93 517 0 593 75 931 317 
659 148 984 584 763 251 222 983 243 222 
789 686 142 12 544 824 673 864 877 707 
211 579 50 1 919 342 700 789 859 76 
446 5 3 36 480 486 376 432 71 960 

627 472 87 885 647 572 533 581 251 970 
430 877 494 251 80 748 658 904 726 875 
792 153 720 478 960 824 976 573 424 906 
989 265 934 421 590 691 803 59 719 579 
599 576 989 234 438 160 733 885 401 16 
314 809 35 169 307 455 852 558 884 54 
903 992 443 541 275 189 398 851 596 198 
543 498 617 207 627 214 94 267 550 840 
147 674 788 350 991 491 878 818 591 552 
45 645 595 141 615 594 388 627 730 534 
357 974 953 291 317 332 488 16 724 736 
95 707 844 728 639 389 815 548 835 997 
976 219 462 460 611 740 975 836 339 987 
190 942 733 952 430 472 126 990 353 501 
301 231 517 865 15 224 446 847 259 407 
577 12 993 589 874 960 760 94 700 137 
303 316 876 642 491 188 610 689 453 753 
722 264 471 774 685 798 67 475 225 216 
777 179 574 759 574 607 957 228 984 556 
878 535 870 181 840 71 381 661 575 255 
286 30 512 750 268 456 61 339 620 434 
781 130 994 295 640 106 517 366 686 209 
649 339 854 799 382 280 120 278 29 109 
493 299 396 794 832 984 626 528 885 400 
215 172 234 21 454 785 227 400 90 628 

557 952 949 495 382 542 557 79 794 170 
789 997 522 396 263 973 143 139 484 61 
569 237 167 795 395 501 748 430 810 386 
143 720 909 155 540 420 678 679 314 536 
132 849 327 893 853 607 766 722 238 294 
782 989 172 478 840 554 839 554 270 394 
846 189 108 488 744 221 467 44 239 111 
502 251 775 359 576 412 312 973 234 832 
902 406 253 172 10 736 246 553 51 35 
812 366 119 147 993 932 195 910 83 541 
234 961 304 756 613 869 331 653 111 772 
829 260 860 423 837 458 548 105 386 180 
539 307 769 930 953 928 957 691 466 555 
34 223 522 791 11 140 264 717 814 379 
575 828 781 193 246 866 402 606 397 974 
347 874 19 151 35 179 800 399 748 335 
142 354 105 938 532 296 168 318 763 580 
839 713 447 229 963 767 215 750 432 141 
143 357 595 360 559 487 168 760 805 775 
330 805 859 966 373 540 166 299 334 303 
781 794 919 425 978 735 578 301 370 881 
175 310 747 248 523 561 686 972 488 339 
460 483 277 680 677 364 823 634 885 551 
337 478 624 507 168 477 125 998 298 141 
124 305 730 18 476 435 139 66 204 292 

821 242 595 888 365 204 138 217 655 321 
540 787 141 675 386 283 849 509 744 173 
462 969 70 938 374 404 709 757 102 299 
312 361 19 227 300 229 289 567 609 984 
228 335 36 992 557 564 982 73 418 981 
370 560 970 816 236 47 401 224 687 605 
139 565 408 837 819 680 667 289 321 60 
38 610 474 774 889 434 66 753 751 999 
194 496 894 539 740 598 246 35 854 98 
260 275 653 640 220 300 602 228 497 611 
743 627 902 996 850 976 788 721 546 582 
433 792 225 788 944 525 162 537 808 407 
128 924 971 255 969 724 64 114 845 246 
93 389 847 465 242 940 391 635 4 14 
884 787 0 372 889 75 387 662 42 146 
106 403 43 858 484 448 374 592 64 342 
683 43 757 550 400 930 730 676 51 493 
298 436 880 959 695 949 74 235 21 339 
461 91 256 860 855 427 326 938 849 42 
455 914 994 800 390 940 414 415 196 972 
974 193 345 892 891 58 92 492 327 126 
985 854 406 364 90 250 140 387 678 274 
471 858 895 731 620 239 859 749 532 939 
173 441 429 730 888 196 746 504 974 165 
801 500 462 547 572 950 456 43 746 220 

840 933 88 171 176 592 12 654 499 776 
643 555 328 415 51 113 891 157 95 702 
946 337 713 397 443 937 302 977 802 838 
684 471 810 67 4 531 744 709 424 254 
121 201 32 403 89 432 485 885 476 326 
148 257 457 299 255 687 155 289 803 693 
406 346 643 793 23 264 615 201 577 768 
396 363 538 579 982 280 951 524 178 912 
331 638 147 524 19 970 526 373 28 623 
428 175 129 295 70 890 595 214 217 473 
245 858 194 90 967 150 208 120 53 343 
159 735 385 972 602 545 503 455 427 345 
125 183 950 187 871 981 422 415 140 92 
357 708 735 774 389 724 176 743 87 29 
197 846 431 704 432 905 74 355 341 307 
112 164 785 107 512 87 378 794 623 794 
597 508 303 965 379 901 983 598 116 81 
6 609 92 356 497 695 351 301 264 641 
479 108 742 233 607 157 550 790 952 880 
555 853 475 83 371 466 730 918 341 466 
20 975 988 713 888 499 884 823 699 477 
135 267 789 826 326 851 838 826 543 481 
183 871 76 846 375 356 43 138 492 133 
424 907 533 876 390 908 199 794 297 477 
268 288 58 693 966 347 859 376 910 587 

818 365 678 200 455 240 594 68 423 562 
729 618 451 205 633 319 525 915 523 626 
283 786 879 828 280 623 854 461 516 309 
597 429 657 967 978 137 863 573 990 518 
676 16 410 919 372 852 318 971 687 989 
32 885 40 753 313 20 921 790 807 298 
929 919 867 990 275 262 233 44 294 790 
990 786 443 733 980 441 948 995 123 351 
394 535 802 140 182 59 24 761 211 863 
231 636 607 188 809 545 221 668 631 444 
402 426 174 998 680 940 669 265 9 165 
680 160 894 321 850 372 838 627 279 923 
850 884 556 489 719 146 956 739 471 437 
164 841 32 821 18 896 756 892 280 307 
0 86 329 351 697 133 672 109 779 170 
364 727 509 602 29 432 579 463 981 210 
591 907 256 47 391 922 58 648 617 988 
811 265 796 104 417 377 83 371 523 905 
916 313 254 995 910 426 764 851 668 735 
155 972 619 198 568 850 565 362 458 156 
823 260 143 913 606 710 72 373 314 538 
512 10 974 50 311 4 294 877 281 460 
714 546 438 471 295 897 158 134 792 540 
645 613 59 810 264 247 962 155 845 361 
369 651 274 348 464 79 944 38 435 164 

495 554 563 946 299 556 83 291 385 822 
957 28 849 72 821 542 636 430 815 335 
462 428 618 400 838 368 70 664 891 368 
312 731 932 992 872 728 896 202 660 69 
740 960 780 176 582 376 408 186 965 171 
815 180 652 629 427 20 776 635 482 626 
876 102 359 61 100 563 430 121 895 925 
467 594 800 367 464 66 422 644 607 73 
335 4 530 539 820 583 910 426 697 145 
988 322 122 949 660 256 320 344 230 585 
143 928 348 403 804 158 653 344 867 912 
781 165 364 782 391 493 121 532 866 89 
2 367 27 726 357 789 828 439 125 74 
121 34 284 752 761 828 317 824 700 69 
259 920 280 545 895 375 246 937 44 246 
146 815 147 652 129 774 686 702 739 946 
850 398 690 732 850 30 647 315 215 379 
451 151 488 35 424 620 577 381 84 850 
958 365 708 355 995 341 780 961 974 433 
80 603 21 413 218 20 922 817 67 769 
851 295 166 626 912 13 634 142 56 656 
390 528 427 210 799 88 21 51 654 492 
774 572 533 894 648 622 33 281 428 580 
962 594 612 141 468 564 459 102 79 399 
355 365 614 794 862 87 648 872 79 610 

301 408 670 916 373 767 975 833 321 955 
946 462 778 768 325 162 638 910 555 23 
181 742 951 659 577 862 795 647 759 902 
103 379 310 342 300 69 669 177 623 61 
493 751 726 341 15 850 492 7 170 650 
363 780 11 345 174 575 462 893 581 579 
634 432 561 83 873 703 712 835 923 351 
427 850 386 173 153 370 800 872 805 460 
400 547 654 540 48 943 766 319 875 651 
501 393 180 507 354 271 630 590 811 874 
612 190 636 31 70 315 141 929 608 771 
205 937 438 725 393 577 945 287 535 890 
870 541 907 416 987 383 953 489 453 935 
132 388 82 855 279 634 839 964 322 398 
838 743 55 264 320 449 528 987 530 468 
233 153 226 273 693 370 680 987 565 435 
629 975 756 198 544 239 341 194 563 493 
115 981 378 803 238 357 145 351 165 308 
670 383 606 134 749 38 112 796 404 96 
898 211 422 181 342 837 360 346 562 782 
739 338 546 898 170 851 675 14 708 276 
525 396 233 788 104 281 723 335 842 5 
153 921 774 151 614 528 344 4 172 935 
281 566 801 780 157 842 35 574 703 864 
227 121 344 160 9 635 687 557 244 399 

348 352 914 287 374 816 687 181 662 533 
959 424 66 515 796 182 23 154 849 986 
786 14 948 555 157 829 432 986 261 615 
182 194 223 770 922 623 390 354 641 491 
213 166 859 874 734 250 128 253 713 389 
661 191 301 171 792 336 20 192 499 735 
390 525 944 818 863 405 658 473 723 421 
100 653 491 811 761 842 397 566 40 903 
53 147 375 644 804 803 390 715 283 62 
285 382 245 187 576 159 361 546 49 576 
913 308 435 23 163 739 663 30 156 779 
511 346 514 602 266 845 471 559 106 997 
582 101 612 955 489 29 692 487 934 418 
711 611 598 70 715 14 918 25 584 747 
570 57 549 810 399 918 844 131 12 182 
594 214 2 190 94 893 971 932 651 422 
80 524 36 224 903 375 921 579 614 724 
781 668 751 415 36 22 607 713 210 21 
952 75 23 47 648 580 279 308 21 74 
291 38 245 48 642 175 537 26 43 782 
988 820 914 569 163 593 549 304 133 532 
966 779 147 711 227 418 309 235 996 381 
523 876 240 96 787 791 894 460 454 835 
456 657 58 632 303 31 845 737 433 578 
559 497 103 868 725 870 569 483 265 338 

440 753 464 548 82 235 599 32 860 121 
746 818 749 680 231 947 673 279 981 386 
16 716 76 573 150 448 72 329 686 949 
253 162 968 923 541 632 56 782 371 412 
155 176 174 301 310 753 177 710 273 343 
829 692 375 65 123 390 112 333 587 359 
170 982 689 125 138 196 115 337 413 685 
811 626 879 602 377 695 89 647 567 847 
407 159 608 635 45 558 767 536 616 22 
788 632 742 25 888 975 931 865 936 306 
950 11 312 586 47 375 18 117 448 724 
988 285 559 571 77 104 308 664 152 979 
72 612 847 643 231 424 916 848 240 841 
29 865 145 355 131 323 380 914 10 701 
960 570 686 660 734 11 256 801 985 907 
779 551 357 519 743 721 301 907 589 968 
378 324 974 637 294 173 700 870 85 316 
288 902 710 56 467 962 788 585 374 749 
931 695 215 168 620 321 643 430 265 567 
160 298 239 856 109 227 760 341 54 69 
588 643 929 22 510 71 100 222 178 149 
679 560 414 57 460 87 30 631 961 525 
523 628 145 621 857 929 42 362 522 280 
394 27 928 170 436 557 528 872 571 633 
78 97 951 532 918 269 826 823 263 911 

623 351 581 287 956 70 582 99 257 217 
566 418 402 698 566 341 789 578 578 34 
49 303 318 634 637 849 472 271 492 1 
477 444 94 963 391 797 924 632 527 250 
211 123 774 85 870 825 868 701 383 124 
85 371 393 120 379 969 101 309 641 181 
13 527 189 665 861 523 995 539 569 16 
321 272 46 898 322 426 171 911 736 236 
208 260 636 589 666 519 184 739 913 187 
848 659 337 671 135 293 760 713 391 690 
448 756 921 346 436 840 255 965 775 289 
990 602 314 957 25 574 650 881 318 26 
795 122 424 977 663 810 9 775 755 884 
132 295 91 757 631 956 580 292 885 813 
856 529 866 254 755 660 657 916 493 872 
742 995 443 845 432 364 927 678 112 993 
459 74 359 595 736 312 576 583 789 79 
707 195 545 212 361 115 661 524 945 896 
641 188 462 608 10 70 531 691 550 711 
714 685 215 868 390 380 309 418 875 34 
94 601 931 41 524 627 249 401 746 43 
882 891 734 88 206 623 261 488 149 777 
654 447 782 771 264 814 791 551 228 98 
374 861 151 537 262 236 763 230 394 303 
344 20 404 986 184 59 893 916 236 837 

55 946 150 125 47 361 1 159 537 528 
599 115 212 770 379 41 426 266 953 294 
248 170 476 37 10 784 387 956 963 896 
573 820 477 117 826 529 224 935 114 852 
233 801 204 401 233 551 855 181 713 351 
239 44 619 79 99 458 178 295 11 713 
262 147 537 914 402 628 479 700 749 580 
231 878 540 67 456 375 432 47 560 341 
701 407 119 453 530 641 759 973 876 681 
552 241 470 528 126 914 625 129 269 989 
264 274 758 240 406 768 574 245 800 94 
128 96 280 465 584 188 948 370 958 469 
143 238 634 705 830 707 70 538 337 590 
43 99 475 72 861 876 64 300 985 885 
727 526 177 169 120 83 550 878 745 129 
144 233 393 414 413 853 902 947 467 522 
86 203 27 969 673 678 664 960 596 978 
814 912 90 128 836 278 745 137 619 28 
582 386 193 552 182 246 219 864 956 395 
739 94 486 648 18 825 17 851 262 51 
774 952 688 324 331 451 253 935 864 233 
32 908 840 423 84 912 747 981 27 436 
230 216 976 487 874 106 679 1000 10 584 
485 314 50 888 290 301 80 919 870 25 
653 70 673 940 906 241 20 458 752 147 

6 492 1000 852 570 964 70 616 337 581 
499 750 42 392 227 743 612 611 932 491 
866 631 771 638 670 940 120 497 588 650 
164 641 829 605 389 931 327 564 865 375 
892 454 625 622 24 825 365 891 9 898 
171 587 415 192 59 323 824 697 670 136 
610 904 85 437 351 973 506 585 775 281 
987 432 510 75 0 34 731 825 974 225 
337 171 868 299 870 620 215 61 828 888 
359 429 292 811 272 807 570 394 544 125 
61 916 872 955 82 754 423 708 334 19 
930 765 315 890 972 463 656 81 281 955 
102 116 513 276 916 2 268 946 464 216 
556 759 348 714 245 544 52 365 231 726 
965 447 982 283 794 874 146 505 632 599 
314 998 581 263 640 727 151 162 0 618 
124 396 472 178 939 26 363 449 580 145 
826 326 876 667 509 259 897 660 288 661 
664 875 30 198 211 402 286 246 431 876 
792 718 682 268 627 97 8 950 81 411 
756 607 326 777 310 698 309 196 278 474 
705 605 698 41 334 62 861 92 488 253 
864 697 322 328 865 840 825 251 419 49 
990 874 173 583 323 832 199 1 520 514 
660 38 277 811 853 257 369 942 849 663 

961 337 576 627 85 595 131 750 662 391 
118 721 983 718 229 589 833 56 588 750 
749 916 973 194 776 876 293 361 595 485 
271 855 298 528 536 720 753 704 503 371 
624 166 113 609 772 533 818 194 240 646 
118 160 241 240 618 597 431 243 117 36 
704 48 820 213 735 639 138 583 233 348 
432 600 259 357 706 200 162 927 365 573 
678 683 632 820 357 103 301 341 410 326 
495 179 922 939 540 643 216 759 521 932 
936 425 885 801 639 941 825 815 937 129 
82 491 39 922 313 27 176 121 191 411 
413 195 700 527 893 963 514 816 11 331 
828 473 904 69 80 406 581 731 967 393 
984 910 183 661 834 265 887 617 37 398 
445 87 724 889 894 961 741 587 728 372 
643 368 198 928 940 597 832 801 956 465 
165 448 524 637 310 364 908 732 351 618 
277 57 741 281 160 98 606 882 149 534 
664 370 536 340 431 267 752 446 168 343 
73 210 709 155 927 636 683 601 921 753 
77 472 817 593 760 612 728 19 86 335 
333 90 546 708 800 521 835 653 316 138 
483 189 93 16 741 288 257 497 137 293 
393 315 879 268 175 165 700 124 543 809 

413 47 50 202 811 398 414 469 216 703 
967 52 206 187 536 206 435 985 71 802 
736 801 360 815 365 344 890 32 747 413 
290 47 84 376 906 145 365 112 213 289 
205 766 293 379 359 644 280 104 806 579 
455 817 989 450 905 597 405 933 508 728 
511 760 231 958 809 76 166 415 162 133 
695 941 789 498 515 308 635 121 24 312 
425 303 39 828 16 968 389 17 278 125 
945 249 992 345 780 178 96 167 182 608 
624 500 402 722 62 976 911 668 35 426 
783 568 889 773 76 843 468 69 124 609 
309 802 241 211 498 201 476 580 397 300 
721 230 403 189 54 162 381 997 984 396 
335 435 100 784 744 991 134 875 435 443 
183 443 898 629 996 923 29 90 164 648 
848 607 144 295 552 18 18 218 76 174 
797 414 32 488 615 703 651 698 710 400 
543 254 10 93 702 881 790 584 808 859 
495 418 321 895 164 894 241 709 665 180 
523 159 642 546 563 377 331 549 69 955 
975 930 762 589 175 451 377 732 638 564 
459 92 995 759 917 907 60 381 818 860 
481 425 557 791 985 897 551 824 919 579 
797 289 448 154 399 607 683 435 787 867 

164 949 500 968 967 212 365 554 348 471 
886 217 372 976 240 863 927 454 599 54 
86 659 227 209 366 292 14 204 84 493 
250 322 125 544 745 850 364 995 700 58 
112 30 464 983 627 182 934 7 761 978 
888 79 752 866 59 793 264 818 573 338 
746 823 635 92 762 693 740 753 731 351 
508 816 338 412 803 426 662 67 275 617 
152 817 668 994 270 250 432 773 996 490 
494 202 224 104 371 850 313 161 861 232 
597 311 915 354 346 43 859 462 945 48 
141 224 998 812 669 769 178 316 91 51 
998 463 158 9 787 582 354 235 740 367 
435 575 875 271 867 674 248 371 296 23 
827 650 775 366 773 488 190 150 968 656 
893 827 924 154 909 695 16 440 122 786 
323 874 970 850 121 853 148 933 902 789 
272 87 358 566 526 827 117 276 949 780 
705 327 86 390 772 58 450 524 17 647 
560 256 563 212 667 405 553 186 639 76 
538 594 137 131 474 463 155 152 400 390 
395 560 873 301 502 144 820 416 206 114 
937 313 472 138 830 875 545 539 100 424 
833 554 254 121 233 457 24 980 190 840 
482 846 758 530 886 573 784 420 525 503 

314 583 661 544 898 385 112 108 337 782 
52 483 520 806 635 451 284 349 420 549 
751 769 25 591 361 894 21 522 202 607 
49 155 359 734 748 821 217 837 745 489 
935 339 946 595 157 759 481 550 884 676 
606 494 960 373 897 959 483 623 636 559 
811 557 157 775 569 767 154 170 736 409 
78 461 919 16 986 632 515 926 832 66 
357 516 228 1 474 86 512 519 586 147 
832 157 531 88 812 612 136 923 471 412 
477 677 966 479 515 91 79 84 173 955 
446 827 268 972 237 19 889 861 289 296 
930 574 487 496 200 778 808 600 352 607 
72 343 819 244 315 286 382 363 558 441 
495 961 396 19 707 116 572 698 278 225 
662 450 982 492 790 982 16 904 448 663 
711 965 279 234 538 546 269 360 854 194 
594 727 875 997 450 866 303 173 381 308 
592 243 719 76 320 241 367 901 814 303 
963 345 388 173 833 358 987 679 152 544 
476 608 553 613 505 225 61 410 109 519 
500 661 472 666 678 240 657 671 640 553 
668 155 543 208 325 39 323 316 441 727 
564 682 16 992 886 471 226 631 676 847 
820 78 861 573 471 993 657 548 583 138 

