250 30 30

366 639 409 649 499 268 490 494 461 359 
721 620 745 237 551 503 282 165 171 686 
515 532 366 717 583 606 525 548 713 122 
500 302 685 448 222 255 228 490 449 734 
428 373 364 600 513 495 272 505 431 419 
528 273 343 653 395 212 756 666 600 418 
587 266 641 342 418 577 641 355 695 669 
465 651 455 575 361 412 323 307 565 514 
678 697 187 674 523 174 499 379 249 555 
544 366 528 609 347 293 465 525 340 249 
444 549 471 689 598 382 236 625 402 357 
419 488 589 214 565 421 534 763 189 277 
458 769 386 565 323 521 502 528 266 206 
334 563 308 579 797 325 530 400 252 340 
468 485 285 824 747 705 658 643 355 666 
791 662 475 478 700 397 599 446 249 334 
355 519 383 339 427 690 485 543 478 613 
584 499 587 343 367 346 455 398 653 621 
333 731 655 784 627 613 449 537 224 203 
698 566 285 509 536 699 628 582 794 640 
456 452 266 463 413 320 470 641 499 491 
265 614 267 767 360 624 438 721 469 588 
278 354 756 710 311 242 457 477 716 275 
204 675 700 292 499 405 469 379 445 530 
201 662 389 547 764 544 459 334 425 399 

89427 86501 92636 90693 90646 99920 97445 94408 93985 87025 
90654 91907 89809 90139 96503 98918 93414 94034 87269 91089 
89161 97122 92064 92603 93574 97006 89541 93575 92630 92824 

94391 93199 92717 88556 93933 90841 95749 98677 91408 90853 
88333 95264 99003 90320 99119 93429 95075 89615 96814 92495 
94724 89454 90992 94415 87827 94958 93957 91968 92622 95270 

260 805 216 699 285 487 652 601 221 131 
859 564 749 629 889 6 193 736 612 611 
291 301 625 991 466 741 379 512 703 23 
839 994 929 41 1000 335 213 567 124 995 
791 572 315 168 623 291 242 351 132 396 
60 33 418 375 667 17 131 10 273 545 
638 963 322 423 257 932 917 406 728 506 
390 803 779 427 869 566 361 786 405 813 
455 293 196 599 487 393 556 733 528 698 
22 209 265 388 362 132 13 80 310 336 
461 200 388 106 640 953 2 710 883 955 
48 823 953 449 676 597 353 17 277 197 
218 403 497 934 951 826 903 609 707 164 
612 279 331 313 222 936 110 325 514 47 
773 245 86 926 322 810 941 346 538 985 
822 342 809 415 587 185 194 645 754 992 
828 392 502 185 155 885 163 900 364 942 
916 58 206 175 60 314 73 544 214 127 
384 104 45 987 582 941 267 690 849 518 
659 527 304 892 517 735 806 260 188 255 
92 126 344 950 184 571 148 58 624 737 
504 20 828 22 205 58 327 949 762 136 
595 651 64 343 575 713 903 104 50 623 
136 137 420 885 415 196 66 97 230 879 
901 935 370 600 935 923 491 668 813 24 

615 780 474 630 516 215 57 125 231 502 
712 925 551 329 222 217 296 532 339 183 
585 841 42 368 389 172 591 64 33 273 
15 740 154 606 884 342 260 800 374 90 
387 399 281 494 74 728 112 276 244 190 
317 407 661 655 925 958 456 608 45 307 
823 209 887 131 956 94 819 979 946 634 
894 23 275 995 531 194 352 110 380 901 
458 201 902 879 75 219 407 616 483 971 
673 822 556 691 124 148 220 523 397 38 
390 132 961 29 48 523 135 962 362 666 
360 692 762 22 663 249 842 466 553 639 
167 894 675 544 328 119 398 431 91 134 
27 157 575 592 126 130 713 711 589 340 
551 933 61 97 229 213 920 309 915 287 
169 545 291 969 843 321 636 703 820 76 
800 198 782 978 653 956 919 576 526 551 
981 642 535 95 235 860 251 293 962 617 
877 680 272 80 120 52 329 2 679 833 
784 404 132 20 324 212 177 280 378 69 
296 298 63 787 27 752 610 110 699 511 
59 807 17 294 390 603 469 798 181 273 
290 782 121 118 118 96 910 947 635 37 
753 467 383 937 874 999 211 311 890 662 
301 683 916 349 486 121 723 770 475 592 

967 896 700 165 638 681 879 722 620 40 
145 275 730 617 393 252 816 807 437 901 
291 556 802 352 829 253 140 568 519 85 
289 545 918 470 846 784 656 479 781 225 
430 185 998 226 47 288 25 755 416 113 
692 457 933 288 193 559 918 670 4 924 
930 581 80 339 860 899 63 549 936 48 
747 662 140 384 951 1 342 702 221 221 
794 823 894 333 216 274 322 144 895 985 
734 589 387 672 103 612 208 624 319 716 
748 450 479 816 909 244 94 57 536 237 
245 458 893 448 131 526 747 619 287 138 
135 724 920 378 764 1000 630 36 969 227 
55 262 269 367 1 41 259 141 755 34 
990 796 145 236 555 340 355 151 880 649 
965 142 304 417 325 452 444 660 718 781 
513 294 574 435 259 238 818 647 301 827 
357 915 574 667 986 353 210 619 527 430 
406 614 326 252 193 967 338 387 250 900 
206 45 798 784 117 739 846 655 289 746 
507 590 796 565 601 594 384 642 347 14 
167 540 396 985 49 292 953 814 57 638 
752 729 487 988 681 657 323 181 974 434 
22 412 172 791 833 32 895 778 274 662 
119 92 266 697 364 387 671 117 562 6 

978 6 492 537 504 340 307 785 537 26 
491 543 410 283 490 861 699 172 720 106 
72 239 732 420 752 836 28 434 743 80 
122 127 996 475 760 942 450 19 714 41 
734 578 293 711 165 191 707 72 259 792 
84 153 283 459 755 945 418 470 158 664 
602 564 99 602 943 141 282 15 604 513 
535 135 523 556 948 48 14 2 969 232 
8 277 738 721 426 138 652 912 223 759 
888 300 367 683 243 158 284 211 299 980 
494 40 226 621 751 98 1000 892 237 378 
474 990 915 194 644 762 574 661 407 410 
832 511 707 790 711 579 739 363 186 310 
492 821 201 78 907 586 362 145 273 34 
131 176 319 64 811 224 737 218 814 372 
436 64 540 877 471 502 857 124 828 321 
218 941 51 907 124 604 218 958 5 596 
494 187 311 51 656 248 1000 391 161 187 
787 647 211 337 43 962 85 492 277 224 
108 744 347 953 145 829 144 857 695 738 
727 689 441 517 410 924 533 405 651 671 
107 987 452 821 564 997 510 909 891 41 
532 45 772 649 710 610 614 866 460 111 
770 996 745 81 560 650 611 907 823 703 
99 383 137 396 249 567 687 420 973 583 

978 884 661 251 908 890 610 824 346 524 
593 363 627 110 674 771 45 129 882 216 
756 382 385 960 625 574 707 749 364 518 
631 192 641 140 793 236 892 93 287 850 
669 459 310 112 881 295 66 409 830 722 
976 490 157 291 644 18 156 207 369 263 
970 276 620 56 690 924 607 958 996 257 
614 361 887 549 163 420 206 71 642 288 
293 885 196 938 977 276 21 516 755 368 
564 36 11 285 709 910 604 33 496 106 
84 919 631 373 48 596 793 544 401 799 
986 819 88 762 631 496 994 331 219 831 
956 354 171 189 582 136 369 371 143 724 
475 95 612 221 544 85 639 623 552 772 
625 373 921 56 776 418 153 595 575 215 
950 683 504 148 623 945 370 800 473 166 
507 174 808 910 627 77 500 274 430 574 
415 423 96 67 367 936 733 676 416 468 
752 529 255 439 119 422 367 185 425 314 
524 673 407 14 544 495 75 6 40 900 
628 617 70 546 692 152 181 507 471 744 
630 307 308 711 414 116 33 536 635 357 
385 255 498 914 229 332 282 826 187 600 
342 34 416 840 62 685 814 44 922 232 
782 286 787 103 997 971 569 610 150 843 

212 405 251 40 468 257 403 904 175 374 
858 987 286 861 956 20 182 951 63 391 
15 688 434 726 430 809 321 660 803 160 
654 846 434 304 384 156 977 720 267 427 
622 108 42 903 919 981 918 924 6 881 
789 522 51 331 171 569 351 945 682 362 
361 191 401 736 651 223 966 163 970 733 
435 588 112 795 817 389 921 106 415 471 
199 579 545 995 558 264 409 614 431 990 
70 573 893 239 527 700 770 897 310 925 
22 73 732 994 380 933 88 556 909 363 
536 40 905 644 635 212 465 472 380 581 
566 689 607 789 447 720 608 71 476 560 
320 147 182 395 959 711 715 511 656 820 
898 689 879 692 587 942 795 412 868 51 
220 342 202 818 235 347 774 697 196 874 
243 937 260 835 593 540 890 723 724 556 
143 205 841 507 717 948 493 62 585 907 
798 745 344 993 38 649 723 422 26 579 
586 894 95 255 986 839 104 388 510 468 
263 586 998 271 321 283 602 553 656 631 
157 314 151 713 842 855 855 949 271 262 
988 189 820 530 839 768 946 310 498 306 
83 612 741 154 333 419 627 894 526 634 
427 767 255 319 527 924 312 166 223 751 

599 883 148 233 608 942 67 998 716 704 
423 472 777 737 117 4 548 352 678 639 
225 311 639 623 519 684 696 297 332 88 
958 350 91 677 160 61 176 674 156 190 
927 854 464 244 808 349 368 984 707 614 
562 388 643 856 211 78 644 240 287 865 
452 772 963 307 419 340 779 601 258 30 
802 859 645 358 372 558 832 711 21 597 
162 53 536 430 4 302 79 278 688 659 
174 4 202 522 390 678 919 641 530 735 
727 467 947 547 685 890 68 535 713 472 
389 451 161 821 792 933 436 831 732 397 
834 382 325 42 548 867 712 247 751 651 
735 685 504 663 857 295 294 497 639 639 
826 270 103 580 544 214 152 944 578 549 
442 339 89 223 643 114 739 789 184 133 
899 514 490 787 715 684 812 406 778 459 
38 750 757 899 275 582 743 993 379 392 
816 87 264 274 823 536 968 77 231 194 
847 649 11 982 450 331 465 889 643 145 
567 200 456 627 833 142 106 554 317 829 
630 853 973 925 806 632 530 744 773 827 
456 673 756 371 790 344 279 411 834 487 
967 344 919 449 181 143 589 167 811 551 
116 162 467 247 616 304 461 877 995 879 

233 443 286 274 56 674 302 959 506 75 
878 676 951 331 216 237 974 50 539 902 
391 967 419 272 154 677 291 150 636 435 
667 509 388 654 641 270 138 127 969 258 
58 181 629 114 547 929 435 899 227 747 
937 196 934 615 793 744 354 591 284 313 
59 992 816 507 984 532 113 83 946 634 
41 747 336 535 95 376 724 459 144 149 
498 283 249 815 238 650 471 1000 363 87 
557 96 475 804 307 119 162 564 806 363 
977 522 660 2 835 522 492 726 769 504 
39 467 518 50 913 753 961 182 206 538 
950 139 884 259 948 553 132 595 468 583 
496 445 974 457 795 437 755 709 316 420 
987 450 872 939 644 855 882 689 7 356 
180 157 978 604 178 251 557 253 643 558 
613 69 7 585 538 60 775 6 465 10 
734 866 233 871 59 191 478 620 780 527 
599 44 866 729 784 985 631 974 166 345 
480 704 782 918 834 31 748 222 518 499 
965 982 428 929 915 143 304 686 948 678 
511 788 209 149 401 199 335 900 643 254 
192 604 947 498 719 137 219 184 237 861 
305 14 958 836 285 928 690 372 439 960 
221 176 419 286 630 72 207 349 768 379 

590 138 834 536 172 10 174 79 376 435 
956 858 8 486 780 122 400 103 302 228 
424 621 561 744 824 455 437 245 605 501 
922 30 824 594 77 138 643 386 765 279 
267 559 873 660 859 156 704 809 150 918 
742 807 43 813 937 55 790 718 991 827 
739 582 965 878 441 46 456 677 207 841 
508 386 58 326 973 677 450 102 401 745 
584 525 322 543 904 825 485 196 357 419 
203 243 881 288 306 363 513 606 291 679 
306 895 658 696 895 192 328 347 965 710 
712 889 260 997 371 58 278 175 739 441 
773 591 2 181 126 459 753 501 552 611 
455 169 971 373 799 617 896 299 257 838 
180 203 644 850 947 396 768 777 495 529 
637 100 798 256 635 593 700 936 512 955 
814 316 68 203 593 241 220 436 158 249 
632 887 231 341 373 884 158 940 177 619 
9 551 51 669 631 592 598 694 418 933 
194 807 66 433 568 564 926 701 377 90 
521 793 877 190 381 724 708 590 379 68 
815 1 870 815 788 294 218 230 476 661 
920 668 108 478 518 594 182 69 312 560 
892 163 33 211 202 939 184 25 161 217 
771 141 914 139 948 362 753 461 710 490 

101 237 509 268 200 43 352 655 683 798 
456 466 256 582 486 631 596 126 855 986 
642 429 310 741 257 441 244 913 320 74 
770 916 855 895 11 93 582 452 498 161 
866 790 887 603 194 692 112 709 69 238 
433 657 234 234 644 142 412 114 887 651 
500 151 272 973 677 603 680 648 301 306 
322 343 840 886 259 764 300 949 423 254 
949 491 552 693 414 287 629 767 268 399 
59 904 3 354 294 811 284 129 62 204 
37 548 242 889 199 422 357 507 334 456 
603 528 115 135 970 286 832 125 169 568 
424 959 73 304 173 691 429 808 414 200 
595 872 407 539 576 175 391 765 485 770 
991 430 116 485 695 680 40 701 72 395 
303 345 873 564 65 20 755 124 709 259 
355 345 544 606 426 287 157 33 879 477 
147 24 599 735 865 532 138 903 707 40 
349 930 889 194 550 172 67 594 196 419 
679 916 714 52 534 125 47 144 793 216 
375 219 367 45 191 115 964 534 675 539 
505 945 583 138 454 828 16 543 399 108 
576 529 321 220 579 376 547 526 621 341 
269 698 216 314 297 754 430 961 572 505 
554 893 867 663 791 611 501 182 542 399 

813 713 680 285 132 833 895 566 160 439 
901 295 807 377 449 416 985 301 149 778 
752 687 345 997 513 746 997 284 280 648 
720 258 349 633 388 864 816 573 853 438 
309 338 342 997 680 372 674 142 767 216 
115 949 82 543 629 379 827 818 551 742 
13 306 463 136 406 165 818 858 53 479 
430 767 754 230 496 625 63 491 581 908 
107 562 729 507 880 921 544 598 17 576 
512 681 902 156 930 547 282 675 957 507 
499 279 385 362 151 267 924 161 414 695 
335 89 828 779 94 596 371 661 9 943 
115 19 101 980 353 191 834 33 560 373 
954 626 553 389 335 295 980 65 514 77 
396 471 194 862 348 539 178 544 596 291 
729 269 49 986 944 864 287 321 438 867 
487 234 900 216 57 450 839 133 81 921 
856 119 113 154 893 130 905 195 654 486 
265 260 727 626 338 392 601 437 832 148 
255 584 601 842 48 157 362 253 313 942 
885 362 713 517 717 610 25 63 405 562 
361 511 835 7 276 92 328 450 495 450 
324 727 652 521 332 621 520 672 28 46 
190 583 418 291 242 543 31 855 430 859 
574 832 4 283 970 356 199 11 490 217 

290 536 844 803 709 206 474 764 676 402 
358 69 686 115 599 150 541 655 625 359 
498 446 198 269 990 649 614 123 873 993 
655 54 979 439 446 574 363 967 105 69 
203 867 866 946 800 160 635 987 570 955 
809 52 639 18 723 209 664 802 847 44 
457 372 713 392 561 86 930 930 798 395 
506 642 797 698 38 525 620 71 400 616 
992 124 337 12 349 29 654 524 233 814 
565 80 127 517 214 735 597 214 538 214 
516 43 709 426 483 944 107 343 946 232 
588 999 407 257 703 849 371 200 159 695 
842 940 336 110 380 59 768 659 654 279 
253 690 272 30 411 670 756 997 282 159 
436 986 488 327 512 99 380 18 233 746 
694 737 34 245 240 470 495 359 341 580 
164 545 571 846 367 438 898 156 745 432 
209 117 991 246 749 167 242 506 584 736 
784 916 75 274 57 513 796 952 537 577 
262 683 728 691 892 90 195 377 283 582 
745 402 817 889 69 115 609 162 630 214 
740 905 656 150 246 234 792 567 270 500 
585 600 220 527 114 46 127 55 628 223 
806 875 756 475 706 995 677 35 437 253 
179 838 478 351 495 991 511 850 518 185 

669 283 40 814 725 976 25 513 470 292 
857 82 298 803 875 99 756 484 840 636 
193 690 258 179 711 121 504 641 462 192 
220 252 440 691 853 632 650 430 29 950 
479 809 90 856 721 510 670 601 55 555 
134 350 661 95 938 76 23 183 432 401 
123 406 513 539 545 270 457 737 995 665 
167 555 532 70 320 409 322 140 340 190 
131 632 917 571 521 94 923 323 510 961 
49 538 574 171 949 692 150 787 139 303 
584 226 342 176 443 459 395 639 13 678 
253 953 792 59 103 489 509 686 622 590 
476 336 443 42 486 311 713 472 400 930 
667 3 601 31 163 774 774 817 105 472 
529 714 714 859 286 868 620 793 489 408 
307 661 968 106 181 474 429 882 461 591 
184 844 898 773 589 2 637 958 523 439 
101 565 968 610 426 524 837 316 715 202 
685 634 952 202 476 65 455 354 25 317 
944 800 828 359 471 812 686 202 172 981 
971 308 44 69 16 333 726 212 948 346 
653 629 145 46 936 755 999 620 170 769 
28 119 386 572 173 533 507 353 851 464 
345 678 302 99 384 169 723 388 421 762 
29 589 712 554 276 931 32 281 512 475 

549 232 780 328 876 187 35 341 749 588 
708 458 668 599 516 937 121 313 727 885 
951 431 766 367 31 185 384 577 722 851 
201 183 137 823 219 824 205 876 670 215 
421 740 936 930 283 104 285 407 38 677 
797 474 925 123 289 224 992 761 291 184 
350 650 992 822 957 117 407 559 798 448 
846 508 300 530 577 926 273 203 489 246 
703 468 758 410 350 621 236 86 995 19 
255 416 195 46 23 90 354 187 1 557 
782 127 539 562 714 478 29 104 651 86 
56 181 469 391 328 717 939 54 921 179 
761 190 50 618 241 214 172 210 223 137 
481 147 917 16 237 875 6 295 286 888 
531 754 50 860 7 181 820 563 267 734 
702 806 561 772 654 365 801 283 528 790 
708 799 223 496 364 564 100 398 608 494 
698 308 265 390 583 155 6 536 602 349 
847 549 612 567 915 523 793 841 426 493 
692 894 42 268 427 844 755 403 799 307 
433 619 210 470 68 60 974 322 169 950 
706 617 894 338 428 678 432 235 860 70 
533 196 934 811 473 672 885 735 816 44 
216 930 712 638 126 12 324 169 753 378 
288 415 988 449 953 518 668 115 968 126 

839 612 9 159 39 747 31 869 285 786 
750 576 742 52 462 854 110 184 354 544 
423 26 404 421 664 996 807 152 293 7 
929 282 307 868 839 495 767 600 535 745 
603 683 618 39 440 448 482 300 651 537 
646 655 767 122 877 486 774 250 640 721 
7 937 278 215 430 773 710 732 622 489 
350 917 479 956 959 585 888 277 124 271 
363 696 318 551 475 978 314 858 254 740 
501 513 258 945 220 471 505 638 478 277 
780 455 398 801 609 668 402 941 404 693 
757 560 687 355 661 464 745 666 179 819 
95 832 909 536 702 991 822 856 652 314 
400 651 929 760 847 772 48 491 53 324 
981 232 69 991 958 516 432 505 754 107 
649 911 419 968 785 141 970 259 393 443 
118 718 132 254 500 822 952 7 982 633 
648 990 892 188 530 348 570 18 721 131 
654 748 755 639 472 427 448 25 672 390 
263 31 745 843 32 669 135 280 985 409 
185 143 858 610 847 779 95 982 42 5 
88 982 574 421 10 306 24 489 619 835 
159 406 848 221 196 754 95 57 913 230 
235 916 259 372 219 273 303 676 105 974 
718 229 724 273 848 950 13 481 273 114 

489 797 990 861 579 573 31 586 478 226 
961 688 309 190 930 280 276 874 692 703 
850 900 837 211 293 405 93 311 380 460 
245 959 346 317 703 922 672 214 865 547 
511 863 313 894 600 927 288 595 132 31 
654 444 706 367 465 845 788 890 829 472 
512 571 554 358 951 147 576 750 896 466 
980 917 690 841 48 473 51 89 475 885 
363 934 109 867 600 480 256 29 672 120 
856 322 360 869 177 417 928 921 99 191 
802 447 942 281 678 72 917 575 87 362 
532 326 715 655 113 701 709 607 228 34 
810 366 182 436 893 211 450 543 603 453 
502 783 959 773 217 61 771 419 417 506 
755 467 91 631 561 684 306 288 759 844 
523 436 233 548 23 846 934 180 766 985 
707 368 227 517 22 325 323 755 738 860 
789 490 583 387 376 47 215 619 464 502 
801 86 111 652 141 700 874 272 252 626 
947 597 597 473 688 73 895 479 677 394 
210 16 711 509 652 67 203 966 924 941 
874 598 360 725 550 864 367 268 905 891 
702 659 106 237 107 457 46 819 803 875 
288 618 756 858 376 932 593 19 284 316 
33 777 570 825 823 651 761 634 215 45 

27 565 461 887 483 367 933 888 437 347 
218 416 986 139 111 768 184 352 55 714 
387 562 357 136 790 813 51 14 792 57 
84 471 895 616 184 184 142 293 242 445 
205 634 931 503 500 438 644 11 743 584 
5 194 408 542 113 138 752 956 998 231 
515 69 846 865 375 283 847 684 42 855 
298 690 438 183 518 800 846 138 426 731 
709 60 428 921 299 634 684 551 878 797 
632 214 162 679 238 196 305 798 443 19 
201 963 302 364 432 881 340 466 472 631 
929 951 106 740 859 695 444 53 855 790 
874 872 936 370 325 429 235 311 271 777 
51 87 530 371 925 790 995 843 76 463 
882 149 26 808 542 969 83 277 746 87 
345 384 346 333 982 908 652 705 374 172 
295 829 1000 46 764 133 400 702 607 98 
118 708 404 996 756 622 529 81 507 459 
775 792 738 740 720 860 91 763 223 498 
430 153 914 481 401 321 465 147 966 949 
795 903 483 388 29 781 864 288 90 334 
483 761 153 137 859 916 554 286 134 137 
638 568 347 207 640 485 687 295 623 612 
728 27 993 435 435 717 39 718 189 887 
459 671 220 270 634 89 628 846 457 898 

536 956 929 515 166 237 193 513 537 921 
752 33 957 311 144 93 21 408 145 25 
812 843 611 260 941 499 560 688 667 346 
709 672 504 484 879 11 167 724 38 925 
487 647 258 520 862 58 167 197 841 436 
810 61 140 459 729 958 655 528 869 582 
771 114 334 40 263 411 474 801 724 332 
77 305 786 881 143 491 49 404 960 523 
48 738 700 722 590 224 975 771 921 700 
391 723 593 724 868 122 356 223 752 932 
456 68 495 926 770 598 997 665 529 364 
161 304 41 354 998 977 137 202 19 701 
316 552 247 135 263 632 287 727 111 904 
347 292 72 589 915 211 790 735 773 370 
12 603 84 923 309 980 551 864 533 873 
206 203 735 724 453 379 541 944 543 886 
873 704 249 841 990 663 939 112 518 795 
783 702 306 665 319 523 587 879 264 497 
859 828 393 117 858 512 849 158 354 642 
563 551 537 133 811 843 26 474 678 197 
106 708 931 133 460 205 667 402 931 812 
170 59 130 308 178 811 614 547 171 408 
566 591 789 362 320 200 746 403 395 85 
684 27 332 504 713 904 153 297 136 544 
414 803 123 806 67 432 834 270 18 189 

443 209 674 534 332 183 149 176 356 392 
17 905 252 80 913 871 753 630 465 586 
15 155 660 371 876 299 485 201 913 701 
103 296 585 177 109 328 583 799 577 62 
770 594 677 757 120 62 195 603 499 927 
645 443 262 133 76 533 5 936 673 495 
639 304 452 754 109 1 704 13 608 448 
403 426 12 25 863 347 70 828 2 682 
759 323 645 42 582 60 622 337 678 191 
318 74 284 895 666 180 887 440 226 205 
749 828 211 796 162 77 461 256 560 994 
708 124 701 810 511 208 422 978 275 94 
191 71 740 345 24 282 664 990 847 326 
308 703 792 322 138 731 964 447 530 951 
20 793 12 443 84 61 766 180 672 846 
562 77 896 960 964 597 547 729 383 559 
348 563 821 420 263 234 872 520 450 133 
755 542 396 215 623 181 30 211 327 544 
963 849 563 358 577 10 413 998 285 653 
310 832 272 127 733 611 667 93 580 251 
548 977 298 486 70 174 40 611 250 308 
749 298 439 857 375 41 770 982 680 827 
110 461 949 944 162 67 717 486 717 113 
54 739 10 122 951 655 939 269 540 36 
815 400 285 786 684 664 878 653 443 170 

756 13 405 713 893 65 385 734 844 827 
635 200 335 65 715 321 905 801 339 556 
725 25 390 911 593 770 721 53 39 58 
387 480 34 132 228 193 445 393 134 319 
587 602 318 481 710 805 601 92 288 555 
350 779 443 106 768 802 497 888 392 728 
538 850 220 351 145 871 913 141 534 856 
266 321 121 357 710 4 323 334 499 797 
397 429 28 139 629 375 795 103 220 892 
439 313 912 115 452 64 282 336 774 950 
335 416 923 305 487 818 659 506 335 989 
64 403 159 49 405 290 699 887 216 688 
154 184 888 193 712 974 421 969 876 436 
793 235 40 759 914 680 428 57 293 409 
690 138 850 646 207 221 257 42 390 731 
600 964 628 42 665 366 275 43 589 492 
991 806 4 68 162 606 335 159 89 564 
948 899 347 644 695 102 572 98 800 426 
757 490 873 947 601 626 747 594 488 201 
478 591 628 420 109 441 765 940 947 293 
780 169 167 775 122 636 336 651 686 943 
762 698 105 550 556 726 970 746 551 788 
488 57 502 836 418 135 325 802 160 474 
796 402 448 121 776 61 544 274 102 550 
150 741 310 499 753 717 297 388 798 552 

235 852 265 787 902 867 930 918 308 56 
979 184 595 182 507 547 502 5 460 909 
143 54 732 748 126 691 646 135 568 700 
781 381 168 75 294 758 278 858 131 923 
226 25 639 78 111 633 5 688 352 8 
39 999 276 26 903 172 97 364 671 678 
969 664 552 680 230 503 133 139 358 594 
694 411 455 759 339 659 474 60 391 432 
544 461 696 654 605 405 463 100 854 757 
572 480 923 888 679 242 205 570 590 594 
159 164 386 761 347 225 64 928 939 606 
48 315 268 139 631 554 362 428 453 733 
471 334 110 405 216 50 361 811 693 467 
26 50 126 959 447 995 998 847 349 916 
586 487 760 216 694 44 133 644 139 176 
544 151 530 712 828 119 223 135 966 475 
966 770 584 164 998 979 518 18 712 274 
746 384 86 455 248 664 732 168 737 828 
120 266 577 849 824 33 55 780 216 200 
799 433 40 280 729 160 870 992 870 382 
769 768 128 124 9 638 632 834 735 117 
532 578 313 921 559 900 122 291 438 277 
522 140 27 70 138 251 940 453 734 911 
248 750 193 891 151 424 978 933 431 551 
336 261 390 325 389 437 898 328 702 237 

106 297 831 155 58 882 230 861 713 492 
638 647 491 435 215 818 718 67 744 843 
101 447 837 119 965 766 78 878 939 732 
517 311 810 257 957 750 398 708 259 741 
865 757 989 951 680 861 813 718 589 638 
420 407 267 874 55 667 467 397 467 685 
657 129 799 105 14 373 773 803 484 573 
144 747 763 456 325 186 990 868 402 445 
5 681 175 276 184 527 14 337 888 905 
3 600 501 415 684 972 271 285 280 964 
694 381 783 119 24 828 237 477 534 639 
677 8 525 3 71 631 45 983 714 17 
771 779 960 441 15 829 124 414 380 736 
836 952 803 379 278 90 583 842 444 793 
127 542 543 408 493 981 765 497 977 698 
899 516 676 539 504 559 445 29 975 625 
462 663 394 327 220 1000 247 578 393 729 
796 943 681 755 577 100 38 415 737 971 
972 8 521 328 948 128 861 683 209 84 
605 788 421 801 498 489 824 252 512 193 
725 523 195 38 813 404 937 692 72 905 
132 220 959 664 275 175 251 595 149 75 
355 877 357 239 943 848 820 606 360 326 
106 998 100 214 906 726 74 730 152 249 
58 314 612 948 570 530 835 464 31 180 

313 72 866 238 785 539 270 66 88 455 
507 527 573 977 125 58 89 799 113 84 
31 57 12 3 506 235 531 584 312 60 
987 155 658 83 894 576 184 398 890 679 
694 115 114 271 897 339 656 577 425 817 
817 468 124 326 431 827 965 929 277 448 
97 209 668 287 78 123 992 715 825 290 
146 177 318 506 196 390 574 978 102 321 
24 413 171 528 424 719 434 675 503 487 
405 163 24 457 108 377 830 440 648 126 
958 302 94 78 536 84 169 827 308 712 
654 570 55 57 630 24 667 820 622 931 
991 900 918 344 667 195 891 720 762 963 
980 858 269 50 647 398 748 913 618 175 
779 348 825 870 46 527 282 366 797 205 
378 243 125 768 213 793 812 807 920 342 
82 850 814 142 496 303 964 883 481 362 
526 905 411 846 374 259 653 438 384 303 
269 602 174 986 729 995 628 884 985 901 
115 832 358 871 838 92 45 515 526 843 
857 102 814 370 68 390 614 578 820 711 
359 774 981 964 731 337 450 557 435 177 
691 469 181 977 517 865 211 162 69 600 
60 551 819 645 569 34 358 85 408 626 
922 336 800 826 572 162 553 199 602 735 

1000 345 411 728 605 127 777 744 190 224 
696 925 383 310 206 575 280 777 400 258 
404 4 625 379 698 154 426 524 230 278 
247 647 934 708 831 117 196 595 785 956 
270 32 263 778 790 153 684 548 602 590 
988 157 35 272 488 207 214 30 598 602 
605 468 651 719 707 698 384 692 777 725 
13 326 43 216 616 671 434 912 507 525 
591 114 425 486 516 22 126 564 675 680 
426 100 299 465 132 214 959 626 246 805 
725 356 988 212 806 289 44 805 713 379 
828 304 240 869 454 173 616 877 285 194 
346 438 220 947 259 231 835 701 34 453 
265 424 663 129 672 280 22 874 347 298 
582 913 856 223 709 718 869 762 886 422 
835 449 122 985 966 990 674 220 800 586 
141 19 337 510 71 108 543 801 556 780 
532 264 239 67 925 225 788 478 596 94 
663 40 706 986 67 184 694 301 826 617 
428 815 424 811 261 174 910 693 515 119 
903 391 585 966 508 960 196 558 208 309 
612 624 66 612 184 68 414 780 341 872 
11 173 405 939 194 663 887 520 459 11 
786 347 31 275 465 125 926 906 957 543 
862 715 565 32 768 746 687 495 330 861 

660 383 308 601 852 814 163 52 966 572 
551 687 685 971 541 343 340 915 348 551 
88 570 48 687 384 454 224 618 685 371 
384 163 769 275 813 645 409 600 980 877 
530 810 497 376 132 17 969 156 657 202 
182 735 597 105 998 722 435 715 442 827 
315 176 7 69 373 602 479 545 148 65 
692 376 586 403 234 463 408 116 714 153 
306 304 85 332 780 683 575 571 831 325 
215 78 769 391 640 844 312 414 737 804 
196 746 516 438 816 437 409 132 151 668 
416 423 381 231 801 244 597 376 347 27 
892 486 582 499 599 639 818 631 474 678 
572 191 275 554 67 830 946 762 990 527 
594 681 44 398 492 678 321 567 63 401 
747 298 682 621 440 786 717 311 13 456 
187 819 287 433 232 705 898 434 378 609 
498 359 561 468 805 694 221 798 957 735 
92 972 678 240 473 842 164 362 859 874 
98 453 987 715 666 363 507 951 960 311 
790 434 237 765 467 948 540 270 594 429 
38 906 419 147 141 588 48 413 219 147 
425 397 648 942 921 936 582 469 131 652 
141 872 767 382 757 216 626 40 488 503 
913 101 443 201 371 821 375 423 633 359 

316 95 335 489 336 821 15 736 691 807 
266 705 194 171 173 283 237 146 173 43 
825 345 155 797 836 75 406 962 717 8 
427 855 487 420 172 599 73 400 500 829 
663 928 894 148 575 609 849 195 794 17 
836 554 896 699 40 725 434 945 570 307 
974 953 910 532 781 835 346 478 636 639 
351 847 493 881 361 487 906 538 73 93 
407 557 702 246 676 47 800 477 469 491 
505 734 818 512 465 481 566 779 624 718 
736 76 754 644 418 746 369 369 214 885 
406 641 297 224 221 96 78 50 107 638 
724 657 209 125 858 589 990 475 456 262 
133 447 718 429 867 534 768 330 215 515 
688 995 848 728 10 736 200 687 950 719 
377 710 535 650 275 735 638 202 123 211 
622 249 827 402 629 299 596 211 351 706 
787 411 922 556 375 392 874 613 502 139 
2 940 466 423 487 175 423 124 333 245 
945 378 549 975 784 621 917 629 819 901 
830 978 870 923 444 439 938 435 231 569 
888 644 420 18 510 424 251 967 197 156 
519 263 281 583 743 702 678 218 199 780 
625 979 350 746 534 450 181 629 235 808 
748 882 711 234 484 368 85 50 516 956 

733 535 12 679 697 122 724 959 539 376 
722 760 847 974 141 337 748 232 229 454 
937 383 335 793 913 246 945 287 510 627 
753 404 63 502 190 30 202 515 331 466 
224 583 207 153 523 708 686 880 72 45 
621 194 156 792 992 573 567 87 955 719 
315 101 987 303 43 440 666 36 548 434 
956 278 717 935 237 726 206 855 783 998 
426 273 252 704 51 52 967 527 33 5 
67 952 539 710 257 911 353 197 458 224 
231 776 472 412 594 297 333 128 120 846 
248 44 785 373 723 257 920 938 829 151 
103 552 1 225 893 544 923 442 105 301 
214 844 187 892 374 148 559 140 182 583 
537 33 449 938 791 336 33 236 873 841 
162 509 625 584 643 355 139 451 130 448 
163 512 284 181 864 54 103 565 604 776 
872 34 633 224 539 792 907 762 351 674 
928 915 101 160 39 566 51 38 171 197 
269 675 55 735 423 478 918 990 722 936 
385 517 660 234 96 380 222 517 421 787 
244 483 379 1000 334 393 681 728 681 153 
470 7 589 665 668 105 12 853 981 884 
776 333 150 819 969 350 590 987 217 522 
516 155 984 687 195 86 798 528 175 448 

924 925 885 26 817 459 948 438 678 3 
429 841 128 92 203 907 392 200 522 151 
796 711 970 379 476 725 392 159 748 148 
577 101 805 690 78 389 2 592 965 14 
370 808 77 419 426 508 512 843 920 710 
974 199 784 787 149 345 23 150 891 122 
225 566 463 672 819 967 386 384 975 633 
385 257 746 259 23 404 103 446 332 533 
714 921 73 683 252 647 15 479 866 162 
890 335 820 894 72 447 558 389 889 523 
352 110 998 895 398 765 266 963 375 729 
585 416 869 288 850 308 129 755 886 276 
180 72 262 846 142 971 702 788 551 468 
643 471 302 119 653 193 549 310 621 25 
8 982 14 772 882 148 387 232 54 534 
443 73 6 841 695 159 582 134 543 661 
29 595 680 651 241 715 863 22 591 293 
809 436 557 789 186 186 648 949 666 841 
756 209 958 276 319 309 244 699 852 287 
845 36 321 276 8 870 207 755 658 558 
85 763 295 966 587 766 566 848 231 554 
720 438 514 500 832 63 799 427 15 880 
681 757 982 257 994 964 379 930 419 54 
503 49 526 880 53 606 756 560 211 720 
632 941 254 15 88 86 751 753 455 332 

87 272 580 441 692 970 944 926 984 551 
482 998 150 816 275 683 732 36 968 548 
231 369 482 195 714 20 327 984 836 202 
303 736 212 898 150 731 301 897 76 840 
761 907 486 161 247 17 395 326 493 392 
446 602 171 667 350 823 525 590 863 170 
495 802 686 767 189 471 702 515 194 292 
622 267 389 96 71 919 34 582 118 910 
470 498 662 393 864 327 739 207 623 84 
342 652 264 89 188 432 492 693 637 944 
955 557 285 647 755 204 660 378 575 582 
309 118 776 99 409 554 500 595 250 844 
848 781 967 397 39 600 258 620 336 422 
138 435 920 859 169 67 493 473 997 208 
62 321 768 276 963 930 263 517 168 329 
722 878 320 420 487 174 307 246 279 330 
680 433 174 899 857 671 11 960 673 599 
307 505 278 16 462 825 863 878 350 441 
476 688 859 332 135 886 672 14 382 707 
35 979 693 262 264 513 54 839 18 941 
113 500 438 703 137 881 759 620 748 58 
48 519 232 368 534 879 597 596 842 446 
239 39 479 95 520 365 176 949 231 749 
495 972 139 249 180 424 838 742 196 399 
633 267 821 671 763 209 322 535 986 583 

868 494 141 66 499 854 511 118 767 911 
164 88 985 659 752 911 183 93 12 958 
476 240 512 994 380 848 295 52 664 499 
325 870 870 446 250 221 614 543 67 354 
908 598 989 152 896 258 464 933 111 629 
349 265 703 175 352 952 758 268 643 343 
703 548 80 169 825 85 780 238 280 331 
956 896 24 475 433 541 37 603 764 523 
411 449 359 935 686 278 328 236 1 872 
447 604 448 874 994 880 652 764 613 927 
354 570 531 184 554 734 354 160 687 244 
578 42 84 769 988 777 97 107 362 934 
480 639 10 890 378 316 250 323 664 491 
683 399 859 187 814 418 722 598 431 287 
223 774 115 304 913 997 930 742 543 262 
348 590 809 39 158 634 606 827 778 579 
884 377 287 375 988 759 38 718 609 324 
703 436 261 504 255 351 234 340 82 549 
568 529 928 669 156 809 145 34 411 471 
944 879 657 496 82 877 100 742 946 661 
239 128 340 262 511 555 157 606 864 39 
628 993 581 570 412 322 9 949 285 900 
9 728 398 374 878 413 314 235 723 7 
28 742 491 257 564 725 623 231 423 253 
10 526 113 471 693 161 394 924 874 186 

556 111 163 457 614 182 896 226 575 580 
739 666 841 714 141 765 208 184 332 55 
171 378 275 731 15 807 974 938 59 627 
629 788 573 38 533 205 523 887 103 985 
511 688 731 939 713 43 303 577 768 199 
644 631 987 415 860 915 719 663 471 911 
373 412 273 643 755 146 90 67 405 591 
505 532 539 394 462 641 554 585 956 585 
130 660 237 62 699 360 716 113 636 838 
34 907 361 629 405 174 187 483 868 934 
207 137 719 437 559 712 941 847 279 990 
44 858 165 362 684 784 290 649 932 391 
145 57 296 870 657 789 129 239 470 9 
308 508 598 270 958 368 251 986 397 479 
832 915 317 792 275 937 156 238 828 569 
133 993 269 36 569 639 889 35 549 382 
362 459 684 996 606 556 875 586 674 383 
39 283 503 598 38 719 706 728 684 144 
799 923 398 692 537 830 100 377 412 505 
75 209 476 698 369 348 816 508 725 627 
379 593 788 283 221 162 252 291 197 176 
77 611 661 238 387 754 932 260 629 234 
409 336 693 668 669 102 646 39 313 733 
957 412 514 794 727 690 805 552 357 605 
23 776 147 138 956 332 450 535 906 401 

413 63 111 312 888 650 111 279 890 995 
81 989 623 449 486 398 153 598 253 842 
189 540 608 638 60 75 687 476 350 409 
463 989 959 968 650 603 879 960 21 729 
92 56 63 109 914 888 679 413 568 871 
28 57 216 795 356 536 91 21 994 334 
300 470 326 837 292 783 641 505 292 123 
605 72 21 463 393 428 911 729 612 731 
247 960 793 938 192 78 145 655 286 748 
479 605 614 551 357 598 605 793 939 742 
873 291 266 765 355 806 288 233 512 260 
60 280 543 275 390 221 127 208 367 977 
288 29 544 20 954 655 521 183 776 254 
453 550 159 884 25 414 315 887 755 671 
514 385 934 34 998 401 790 651 607 229 
255 136 411 5 396 842 488 726 34 932 
258 966 988 505 57 580 193 426 6 528 
557 713 408 837 89 780 822 46 440 22 
481 925 892 199 481 134 544 854 947 536 
713 357 527 207 70 272 340 866 426 313 
871 772 266 10 974 524 854 55 12 724 
471 473 914 619 905 325 894 840 772 376 
370 712 13 365 803 829 278 394 621 263 
743 83 238 932 470 896 491 803 32 843 
946 985 498 337 286 699 963 508 686 243 

907 75 488 485 227 292 519 362 618 499 
876 360 6 906 220 897 566 96 10 504 
93 274 568 413 863 185 783 325 881 866 
138 608 690 431 432 930 851 174 457 650 
104 927 944 454 338 381 70 484 172 922 
752 869 816 976 177 759 105 849 904 958 
631 251 651 113 101 653 645 57 272 945 
692 5 814 665 757 193 266 984 363 38 
52 565 327 974 581 88 778 804 244 961 
253 299 684 676 11 715 381 847 271 7 
807 447 406 465 125 414 981 474 296 383 
178 570 241 621 963 363 45 6 17 957 
563 92 329 16 127 991 140 706 172 445 
426 980 646 90 804 620 834 585 920 362 
687 605 202 272 200 732 514 172 614 209 
785 167 413 523 112 436 101 902 999 663 
288 890 768 60 566 460 749 393 470 541 
363 109 189 771 527 725 872 90 695 822 
745 423 183 610 39 382 529 662 705 413 
872 343 822 187 776 804 521 894 698 82 
240 661 62 110 84 337 841 252 134 259 
646 999 656 320 859 293 597 875 753 437 
42 279 166 306 565 282 994 625 77 483 
781 554 990 222 190 182 639 995 666 739 
450 630 106 230 161 120 999 838 966 878 

547 859 25 285 674 829 878 49 145 915 
532 824 153 820 370 13 462 582 25 209 
768 292 915 754 48 519 295 751 579 468 
576 90 523 313 525 286 564 738 961 167 
445 339 634 564 95 694 100 967 679 594 
467 935 880 366 71 580 354 173 340 176 
446 871 20 694 305 25 487 229 895 138 
249 752 216 316 149 449 558 144 960 51 
614 750 526 499 957 614 700 760 525 118 
15 3 307 338 896 833 618 214 665 663 
383 306 44 685 403 150 504 312 438 871 
600 610 681 468 544 120 896 977 882 408 
647 762 852 118 519 926 515 561 308 873 
725 196 577 456 36 642 238 837 601 524 
26 252 505 418 529 209 598 640 738 170 
25 342 270 784 527 190 406 11 737 351 
815 682 746 473 508 548 441 531 316 296 
745 949 76 702 155 825 74 174 381 295 
278 490 412 90 909 159 593 945 855 847 
918 453 21 928 22 882 562 813 229 517 
559 80 18 517 548 708 5 291 183 180 
285 717 237 67 145 408 916 866 236 188 
979 950 284 407 389 658 222 613 807 217 
1 356 997 199 237 294 632 815 76 86 
943 160 182 952 832 554 438 564 51 98 

599 599 359 58 318 462 464 323 702 675 
29 314 451 178 580 508 87 7 984 971 
122 108 64 705 387 756 505 91 667 85 
218 253 966 979 569 676 923 570 38 903 
54 414 875 651 938 914 761 92 205 702 
707 387 183 14 306 279 316 537 600 2 
430 624 235 929 933 612 285 735 499 544 
631 433 413 805 514 723 788 490 870 342 
900 797 82 532 229 706 182 927 765 34 
625 814 780 203 967 46 519 457 354 432 
65 71 391 691 338 360 291 42 368 390 
730 375 613 870 800 776 942 579 885 830 
410 183 603 842 331 937 572 279 821 941 
438 149 321 306 590 362 393 868 541 578 
698 377 478 138 646 41 18 448 673 81 
277 198 418 115 875 832 174 966 889 952 
27 941 712 896 351 655 399 508 629 527 
24 658 590 511 176 329 707 798 226 601 
590 951 404 21 318 851 709 68 927 207 
286 662 891 810 260 618 328 375 173 153 
980 965 944 887 42 84 552 853 892 793 
786 725 844 937 565 1 588 500 659 121 
252 665 478 146 578 514 113 683 512 382 
384 448 101 875 966 781 269 652 625 236 
605 96 402 653 66 259 770 18 39 549 

125 16 938 816 161 934 350 356 987 920 
622 546 795 645 544 128 223 738 588 434 
219 354 83 474 344 494 735 983 890 59 
35 62 895 231 231 748 458 85 826 550 
968 715 469 280 493 179 433 210 209 530 
96 212 427 811 117 348 797 693 901 41 
191 874 466 461 359 165 458 114 999 89 
465 169 515 396 820 882 207 862 658 803 
986 384 569 80 57 142 194 663 341 617 
203 468 282 691 391 355 911 597 987 942 
956 389 105 913 176 247 280 207 870 414 
944 903 107 641 632 781 887 81 290 589 
901 836 697 106 642 554 129 973 928 213 
869 94 331 77 992 304 981 29 309 100 
83 738 982 458 432 530 469 320 169 447 
420 828 217 926 325 893 816 270 518 226 
240 63 661 478 358 806 385 39 654 434 
934 297 783 594 60 310 26 534 416 919 
9 347 232 328 702 77 483 809 254 623 
245 942 274 717 978 902 631 650 222 629 
677 372 412 330 382 817 23 142 744 373 
292 124 253 178 258 324 344 918 861 106 
454 97 122 269 822 539 191 797 242 786 
819 703 431 110 990 495 554 639 977 779 
416 527 235 829 181 74 602 222 435 901 

794 962 559 323 634 265 707 775 776 248 
253 781 833 654 881 335 945 892 683 417 
55 945 624 67 667 371 556 676 355 260 
272 463 24 361 26 708 862 355 100 314 
862 237 777 757 236 190 602 665 11 565 
899 109 798 568 897 399 686 325 783 527 
629 918 230 711 314 268 97 52 524 494 
558 927 776 52 755 266 297 252 276 527 
142 748 321 871 720 341 28 559 825 307 
711 842 839 878 516 204 873 42 663 780 
805 237 953 547 201 235 401 1 217 825 
556 779 540 423 858 342 132 956 691 144 
531 605 967 40 317 513 314 660 963 619 
706 270 824 373 710 740 318 584 551 478 
185 766 946 706 522 275 291 641 752 36 
455 151 792 648 286 436 858 266 889 155 
767 557 67 54 922 484 219 712 657 614 
151 430 700 745 876 354 583 342 389 618 
996 612 655 695 498 602 700 71 303 179 
414 769 244 905 368 162 394 907 23 844 
36 890 88 190 167 130 526 826 967 666 
762 632 886 866 424 326 64 716 684 451 
770 762 429 453 166 175 499 879 64 286 
373 304 910 704 420 184 943 197 33 953 
2 269 389 280 497 732 540 696 821 270 

447 682 649 672 673 522 987 818 781 695 
260 630 331 346 255 727 738 691 49 494 
877 448 306 563 992 981 895 205 267 893 
271 313 495 375 758 148 749 841 627 8 
258 799 127 863 869 558 777 34 795 983 
508 683 314 442 31 805 378 692 991 482 
56 302 81 938 929 674 764 806 929 919 
421 537 463 382 625 845 537 686 522 28 
568 350 810 128 792 575 687 742 812 346 
702 96 291 482 279 911 412 934 301 791 
488 538 473 597 742 913 2 889 741 157 
544 12 503 149 202 730 133 765 980 402 
115 987 585 13 386 797 329 539 406 509 
69 546 387 798 960 394 854 564 914 36 
93 252 732 949 305 732 624 684 412 497 
900 43 145 395 807 799 711 824 334 631 
189 779 51 10 474 729 58 213 184 99 
901 744 593 611 965 53 308 143 319 909 
694 104 412 174 560 955 748 754 535 590 
822 888 562 173 632 28 296 969 593 153 
71 770 879 115 667 314 74 513 102 495 
193 849 13 982 541 531 487 293 339 313 
740 756 397 626 625 889 782 878 615 321 
203 135 373 439 809 929 381 911 354 88 
968 504 932 103 581 534 224 854 453 332 

399 960 197 422 379 154 160 368 319 905 
334 253 725 111 449 689 630 728 187 957 
220 308 34 444 378 209 655 14 339 128 
285 582 883 63 445 908 975 291 190 522 
81 314 344 790 482 798 73 604 112 42 
114 692 707 137 683 926 957 474 735 360 
230 406 189 980 285 284 617 492 862 236 
914 607 873 707 189 359 862 173 647 469 
464 240 377 229 39 14 771 443 782 559 
47 17 421 280 768 898 63 141 927 495 
344 81 72 347 183 761 439 706 505 562 
588 303 392 541 787 157 723 116 809 416 
309 786 970 458 22 245 91 156 94 980 
530 423 456 583 178 126 810 934 202 226 
431 891 980 532 216 791 560 10 475 627 
329 487 521 32 960 706 897 712 160 45 
741 422 719 485 551 726 336 588 672 822 
991 711 974 66 886 92 963 613 322 575 
486 510 494 373 793 31 293 43 341 663 
247 1000 700 786 370 111 134 599 887 353 
493 9 660 794 778 826 61 940 254 456 
496 537 529 154 689 944 657 734 857 296 
33 573 450 832 343 631 264 704 395 834 
768 213 913 183 256 170 935 716 172 904 
458 862 273 771 983 583 696 259 976 341 

63 374 675 523 593 502 105 14 454 787 
81 180 434 354 97 988 107 605 519 419 
664 305 554 986 925 82 458 76 546 764 
38 762 269 357 778 881 169 13 124 746 
182 447 750 249 95 381 832 394 10 646 
107 235 326 636 558 329 753 616 298 288 
490 209 713 884 955 798 54 722 353 612 
485 697 291 723 257 632 215 902 122 32 
719 938 741 420 615 339 254 245 324 766 
555 740 680 526 447 149 684 399 478 543 
189 299 397 669 197 679 449 0 836 906 
953 908 835 848 421 891 181 841 709 162 
655 457 668 451 532 508 684 783 284 370 
784 953 968 419 942 941 289 208 410 175 
974 927 473 450 323 619 150 822 841 449 
285 59 704 994 842 554 695 159 361 346 
364 995 949 211 938 110 195 19 291 927 
873 914 9 818 241 812 918 582 318 43 
84 73 419 585 214 200 87 438 197 424 
209 226 72 677 904 809 299 905 82 327 
272 474 492 111 86 772 534 879 760 969 
740 259 470 383 746 773 78 420 546 879 
346 749 165 61 174 121 18 457 486 393 
478 772 14 675 889 625 355 859 629 229 
744 276 910 442 216 545 18 645 160 196 

736 704 315 357 60 129 178 404 340 425 
473 630 2 855 847 10 981 124 634 396 
310 600 601 166 230 420 991 792 991 328 
510 73 783 700 681 855 311 130 110 69 
331 307 797 813 335 335 288 626 693 304 
258 924 221 19 357 242 793 152 614 868 
665 254 281 781 271 670 63 555 178 723 
178 72 892 778 0 470 141 345 560 222 
236 637 406 512 714 433 413 490 210 699 
953 776 537 713 479 928 692 329 967 412 
472 798 608 58 309 907 637 80 611 106 
530 339 37 35 71 479 311 296 10 298 
979 51 616 337 514 961 229 863 842 847 
220 462 646 377 57 549 72 749 630 712 
799 496 788 828 409 304 170 478 741 563 
251 868 945 830 161 667 588 806 208 334 
406 653 98 598 556 538 602 566 492 267 
269 282 403 834 488 534 13 692 981 728 
92 680 51 100 735 505 131 160 231 911 
762 319 416 812 59 575 433 125 752 102 
362 329 587 449 27 535 919 643 85 975 
244 896 322 905 382 157 272 420 298 294 
213 869 603 588 547 60 438 506 74 101 
946 377 897 48 895 619 973 731 622 23 
133 341 624 843 183 446 526 980 96 321 

494 799 889 153 424 711 774 191 484 718 
879 678 986 458 726 624 272 392 691 414 
41 227 125 256 673 495 438 101 733 956 
265 616 842 551 952 222 770 485 581 143 
355 862 27 303 633 903 125 79 96 597 
91 832 113 103 671 560 549 893 111 422 
995 198 794 922 616 814 555 64 465 713 
554 664 676 71 896 793 609 483 543 575 
839 667 557 348 370 519 770 72 873 7 
231 670 84 145 358 569 331 706 388 10 
23 366 885 432 812 28 699 768 667 667 
203 422 698 406 254 185 398 21 707 109 
462 282 946 974 783 384 989 301 649 974 
752 890 385 654 73 76 519 763 649 547 
975 818 37 356 297 940 985 1 31 321 
735 33 942 619 937 346 396 70 580 969 
271 745 174 741 793 170 499 948 132 559 
970 486 689 343 523 462 0 598 774 971 
381 861 352 349 23 252 697 878 537 986 
969 488 602 439 910 428 925 210 496 74 
731 951 1000 205 632 3 392 175 270 793 
851 991 718 64 580 37 239 412 314 845 
196 90 600 781 49 356 263 195 720 256 
398 515 267 908 554 340 981 997 953 206 
497 898 512 442 769 582 224 91 79 133 

158 936 475 254 888 717 937 998 944 231 
938 46 24 104 122 782 733 589 976 635 
470 418 160 458 885 117 820 82 842 461 
492 240 255 815 844 90 868 669 171 719 
906 578 105 791 113 30 237 114 514 198 
488 294 264 216 704 986 235 767 365 483 
504 764 488 479 653 518 761 30 571 907 
787 778 611 921 806 599 540 332 956 400 
827 518 797 837 7 341 961 945 766 162 
165 392 793 569 941 486 526 668 927 584 
774 71 820 684 196 410 27 482 943 111 
889 664 999 841 63 121 229 708 877 176 
505 496 242 628 461 469 725 25 683 944 
703 929 516 676 914 755 493 969 285 463 
781 28 111 516 80 6 298 232 965 577 
170 944 386 655 182 78 80 508 915 814 
412 203 691 252 256 573 458 843 334 981 
129 270 742 814 989 940 119 611 980 778 
359 726 165 854 748 323 181 394 699 122 
216 725 583 234 277 516 522 901 367 460 
184 643 761 832 75 106 177 426 510 508 
161 965 124 293 739 515 322 556 962 545 
82 768 638 433 605 551 478 198 910 346 
952 489 811 847 723 611 142 947 44 950 
937 107 618 14 710 229 886 404 821 942 

669 509 264 802 733 902 900 156 303 684 
601 606 701 770 378 385 91 683 95 99 
187 163 856 168 478 990 913 553 190 570 
147 997 866 497 666 94 249 241 661 913 
921 779 716 236 233 336 997 443 131 6 
515 173 853 232 411 326 293 244 285 308 
180 423 826 559 806 890 712 833 112 149 
370 323 396 986 75 268 914 18 303 388 
50 16 389 4 262 320 599 149 599 63 
65 875 910 513 658 529 553 225 878 438 
45 300 474 77 772 194 522 286 324 399 
98 385 514 797 111 931 357 250 306 762 
189 920 482 857 831 131 930 318 516 614 
397 316 130 556 281 60 191 579 933 192 
210 48 80 807 785 456 322 887 736 64 
533 24 549 579 857 472 255 746 878 725 
34 361 192 216 524 198 360 274 743 433 
237 537 660 778 760 680 797 800 702 286 
674 947 551 605 900 1000 569 647 804 877 
235 655 552 951 205 981 547 929 748 295 
690 306 528 93 517 0 593 75 931 317 
659 148 984 584 763 251 222 983 243 222 
789 686 142 12 544 824 673 864 877 707 
211 579 50 1 919 342 700 789 859 76 
446 5 3 36 480 486 376 432 71 960 

627 472 87 885 647 572 533 581 251 970 
430 877 494 251 80 748 658 904 726 875 
792 153 720 478 960 824 976 573 424 906 
989 265 934 421 590 691 803 59 719 579 
599 576 989 234 438 160 733 885 401 16 
314 809 35 169 307 455 852 558 884 54 
903 992 443 541 275 189 398 851 596 198 
543 498 617 207 627 214 94 267 550 840 
147 674 788 350 991 491 878 818 591 552 
45 645 595 141 615 594 388 627 730 534 
357 974 953 291 317 332 488 16 724 736 
95 707 844 728 639 389 815 548 835 997 
976 219 462 460 611 740 975 836 339 987 
190 942 733 952 430 472 126 990 353 501 
301 231 517 865 15 224 446 847 259 407 
577 12 993 589 874 960 760 94 700 137 
303 316 876 642 491 188 610 689 453 753 
722 264 471 774 685 798 67 475 225 216 
777 179 574 759 574 607 957 228 984 556 
878 535 870 181 840 71 381 661 575 255 
286 30 512 750 268 456 61 339 620 434 
781 130 994 295 640 106 517 366 686 209 
649 339 854 799 382 280 120 278 29 109 
493 299 396 794 832 984 626 528 885 400 
215 172 234 21 454 785 227 400 90 628 

557 952 949 495 382 542 557 79 794 170 
789 997 522 396 263 973 143 139 484 61 
569 237 167 795 395 501 748 430 810 386 
143 720 909 155 540 420 678 679 314 536 
132 849 327 893 853 607 766 722 238 294 
782 989 172 478 840 554 839 554 270 394 
846 189 108 488 744 221 467 44 239 111 
502 251 775 359 576 412 312 973 234 832 
902 406 253 172 10 736 246 553 51 35 
812 366 119 147 993 932 195 910 83 541 
234 961 304 756 613 869 331 653 111 772 
829 260 860 423 837 458 548 105 386 180 
539 307 769 930 953 928 957 691 466 555 
34 223 522 791 11 140 264 717 814 379 
575 828 781 193 246 866 402 606 397 974 
347 874 19 151 35 179 800 399 748 335 
142 354 105 938 532 296 168 318 763 580 
839 713 447 229 963 767 215 750 432 141 
143 357 595 360 559 487 168 760 805 775 
330 805 859 966 373 540 166 299 334 303 
781 794 919 425 978 735 578 301 370 881 
175 310 747 248 523 561 686 972 488 339 
460 483 277 680 677 364 823 634 885 551 
337 478 624 507 168 477 125 998 298 141 
124 305 730 18 476 435 139 66 204 292 

821 242 595 888 365 204 138 217 655 321 
540 787 141 675 386 283 849 509 744 173 
462 969 70 938 374 404 709 757 102 299 
312 361 19 227 300 229 289 567 609 984 
228 335 36 992 557 564 982 73 418 981 
370 560 970 816 236 47 401 224 687 605 
139 565 408 837 819 680 667 289 321 60 
38 610 474 774 889 434 66 753 751 999 
194 496 894 539 740 598 246 35 854 98 
260 275 653 640 220 300 602 228 497 611 
743 627 902 996 850 976 788 721 546 582 
433 792 225 788 944 525 162 537 808 407 
128 924 971 255 969 724 64 114 845 246 
93 389 847 465 242 940 391 635 4 14 
884 787 0 372 889 75 387 662 42 146 
106 403 43 858 484 448 374 592 64 342 
683 43 757 550 400 930 730 676 51 493 
298 436 880 959 695 949 74 235 21 339 
461 91 256 860 855 427 326 938 849 42 
455 914 994 800 390 940 414 415 196 972 
974 193 345 892 891 58 92 492 327 126 
985 854 406 364 90 250 140 387 678 274 
471 858 895 731 620 239 859 749 532 939 
173 441 429 730 888 196 746 504 974 165 
801 500 462 547 572 950 456 43 746 220 

840 933 88 171 176 592 12 654 499 776 
643 555 328 415 51 113 891 157 95 702 
946 337 713 397 443 937 302 977 802 838 
684 471 810 67 4 531 744 709 424 254 
121 201 32 403 89 432 485 885 476 326 
148 257 457 299 255 687 155 289 803 693 
406 346 643 793 23 264 615 201 577 768 
396 363 538 579 982 280 951 524 178 912 
331 638 147 524 19 970 526 373 28 623 
428 175 129 295 70 890 595 214 217 473 
245 858 194 90 967 150 208 120 53 343 
159 735 385 972 602 545 503 455 427 345 
125 183 950 187 871 981 422 415 140 92 
357 708 735 774 389 724 176 743 87 29 
197 846 431 704 432 905 74 355 341 307 
112 164 785 107 512 87 378 794 623 794 
597 508 303 965 379 901 983 598 116 81 
6 609 92 356 497 695 351 301 264 641 
479 108 742 233 607 157 550 790 952 880 
555 853 475 83 371 466 730 918 341 466 
20 975 988 713 888 499 884 823 699 477 
135 267 789 826 326 851 838 826 543 481 
183 871 76 846 375 356 43 138 492 133 
424 907 533 876 390 908 199 794 297 477 
268 288 58 693 966 347 859 376 910 587 

818 365 678 200 455 240 594 68 423 562 
729 618 451 205 633 319 525 915 523 626 
283 786 879 828 280 623 854 461 516 309 
597 429 657 967 978 137 863 573 990 518 
676 16 410 919 372 852 318 971 687 989 
32 885 40 753 313 20 921 790 807 298 
929 919 867 990 275 262 233 44 294 790 
990 786 443 733 980 441 948 995 123 351 
394 535 802 140 182 59 24 761 211 863 
231 636 607 188 809 545 221 668 631 444 
402 426 174 998 680 940 669 265 9 165 
680 160 894 321 850 372 838 627 279 923 
850 884 556 489 719 146 956 739 471 437 
164 841 32 821 18 896 756 892 280 307 
0 86 329 351 697 133 672 109 779 170 
364 727 509 602 29 432 579 463 981 210 
591 907 256 47 391 922 58 648 617 988 
811 265 796 104 417 377 83 371 523 905 
916 313 254 995 910 426 764 851 668 735 
155 972 619 198 568 850 565 362 458 156 
823 260 143 913 606 710 72 373 314 538 
512 10 974 50 311 4 294 877 281 460 
714 546 438 471 295 897 158 134 792 540 
645 613 59 810 264 247 962 155 845 361 
369 651 274 348 464 79 944 38 435 164 

495 554 563 946 299 556 83 291 385 822 
957 28 849 72 821 542 636 430 815 335 
462 428 618 400 838 368 70 664 891 368 
312 731 932 992 872 728 896 202 660 69 
740 960 780 176 582 376 408 186 965 171 
815 180 652 629 427 20 776 635 482 626 
876 102 359 61 100 563 430 121 895 925 
467 594 800 367 464 66 422 644 607 73 
335 4 530 539 820 583 910 426 697 145 
988 322 122 949 660 256 320 344 230 585 
143 928 348 403 804 158 653 344 867 912 
781 165 364 782 391 493 121 532 866 89 
2 367 27 726 357 789 828 439 125 74 
121 34 284 752 761 828 317 824 700 69 
259 920 280 545 895 375 246 937 44 246 
146 815 147 652 129 774 686 702 739 946 
850 398 690 732 850 30 647 315 215 379 
451 151 488 35 424 620 577 381 84 850 
958 365 708 355 995 341 780 961 974 433 
80 603 21 413 218 20 922 817 67 769 
851 295 166 626 912 13 634 142 56 656 
390 528 427 210 799 88 21 51 654 492 
774 572 533 894 648 622 33 281 428 580 
962 594 612 141 468 564 459 102 79 399 
355 365 614 794 862 87 648 872 79 610 

301 408 670 916 373 767 975 833 321 955 
946 462 778 768 325 162 638 910 555 23 
181 742 951 659 577 862 795 647 759 902 
103 379 310 342 300 69 669 177 623 61 
493 751 726 341 15 850 492 7 170 650 
363 780 11 345 174 575 462 893 581 579 
634 432 561 83 873 703 712 835 923 351 
427 850 386 173 153 370 800 872 805 460 
400 547 654 540 48 943 766 319 875 651 
501 393 180 507 354 271 630 590 811 874 
612 190 636 31 70 315 141 929 608 771 
205 937 438 725 393 577 945 287 535 890 
870 541 907 416 987 383 953 489 453 935 
132 388 82 855 279 634 839 964 322 398 
838 743 55 264 320 449 528 987 530 468 
233 153 226 273 693 370 680 987 565 435 
629 975 756 198 544 239 341 194 563 493 
115 981 378 803 238 357 145 351 165 308 
670 383 606 134 749 38 112 796 404 96 
898 211 422 181 342 837 360 346 562 782 
739 338 546 898 170 851 675 14 708 276 
525 396 233 788 104 281 723 335 842 5 
153 921 774 151 614 528 344 4 172 935 
281 566 801 780 157 842 35 574 703 864 
227 121 344 160 9 635 687 557 244 399 

348 352 914 287 374 816 687 181 662 533 
959 424 66 515 796 182 23 154 849 986 
786 14 948 555 157 829 432 986 261 615 
182 194 223 770 922 623 390 354 641 491 
213 166 859 874 734 250 128 253 713 389 
661 191 301 171 792 336 20 192 499 735 
390 525 944 818 863 405 658 473 723 421 
100 653 491 811 761 842 397 566 40 903 
53 147 375 644 804 803 390 715 283 62 
285 382 245 187 576 159 361 546 49 576 
913 308 435 23 163 739 663 30 156 779 
511 346 514 602 266 845 471 559 106 997 
582 101 612 955 489 29 692 487 934 418 
711 611 598 70 715 14 918 25 584 747 
570 57 549 810 399 918 844 131 12 182 
594 214 2 190 94 893 971 932 651 422 
80 524 36 224 903 375 921 579 614 724 
781 668 751 415 36 22 607 713 210 21 
952 75 23 47 648 580 279 308 21 74 
291 38 245 48 642 175 537 26 43 782 
988 820 914 569 163 593 549 304 133 532 
966 779 147 711 227 418 309 235 996 381 
523 876 240 96 787 791 894 460 454 835 
456 657 58 632 303 31 845 737 433 578 
559 497 103 868 725 870 569 483 265 338 

440 753 464 548 82 235 599 32 860 121 
746 818 749 680 231 947 673 279 981 386 
16 716 76 573 150 448 72 329 686 949 
253 162 968 923 541 632 56 782 371 412 
155 176 174 301 310 753 177 710 273 343 
829 692 375 65 123 390 112 333 587 359 
170 982 689 125 138 196 115 337 413 685 
811 626 879 602 377 695 89 647 567 847 
407 159 608 635 45 558 767 536 616 22 
788 632 742 25 888 975 931 865 936 306 
950 11 312 586 47 375 18 117 448 724 
988 285 559 571 77 104 308 664 152 979 
72 612 847 643 231 424 916 848 240 841 
29 865 145 355 131 323 380 914 10 701 
960 570 686 660 734 11 256 801 985 907 
779 551 357 519 743 721 301 907 589 968 
378 324 974 637 294 173 700 870 85 316 
288 902 710 56 467 962 788 585 374 749 
931 695 215 168 620 321 643 430 265 567 
160 298 239 856 109 227 760 341 54 69 
588 643 929 22 510 71 100 222 178 149 
679 560 414 57 460 87 30 631 961 525 
523 628 145 621 857 929 42 362 522 280 
394 27 928 170 436 557 528 872 571 633 
78 97 951 532 918 269 826 823 263 911 

623 351 581 287 956 70 582 99 257 217 
566 418 402 698 566 341 789 578 578 34 
49 303 318 634 637 849 472 271 492 1 
477 444 94 963 391 797 924 632 527 250 
211 123 774 85 870 825 868 701 383 124 
85 371 393 120 379 969 101 309 641 181 
13 527 189 665 861 523 995 539 569 16 
321 272 46 898 322 426 171 911 736 236 
208 260 636 589 666 519 184 739 913 187 
848 659 337 671 135 293 760 713 391 690 
448 756 921 346 436 840 255 965 775 289 
990 602 314 957 25 574 650 881 318 26 
795 122 424 977 663 810 9 775 755 884 
132 295 91 757 631 956 580 292 885 813 
856 529 866 254 755 660 657 916 493 872 
742 995 443 845 432 364 927 678 112 993 
459 74 359 595 736 312 576 583 789 79 
707 195 545 212 361 115 661 524 945 896 
641 188 462 608 10 70 531 691 550 711 
714 685 215 868 390 380 309 418 875 34 
94 601 931 41 524 627 249 401 746 43 
882 891 734 88 206 623 261 488 149 777 
654 447 782 771 264 814 791 551 228 98 
374 861 151 537 262 236 763 230 394 303 
344 20 404 986 184 59 893 916 236 837 

55 946 150 125 47 361 1 159 537 528 
599 115 212 770 379 41 426 266 953 294 
248 170 476 37 10 784 387 956 963 896 
573 820 477 117 826 529 224 935 114 852 
233 801 204 401 233 551 855 181 713 351 
239 44 619 79 99 458 178 295 11 713 
262 147 537 914 402 628 479 700 749 580 
231 878 540 67 456 375 432 47 560 341 
701 407 119 453 530 641 759 973 876 681 
552 241 470 528 126 914 625 129 269 989 
264 274 758 240 406 768 574 245 800 94 
128 96 280 465 584 188 948 370 958 469 
143 238 634 705 830 707 70 538 337 590 
43 99 475 72 861 876 64 300 985 885 
727 526 177 169 120 83 550 878 745 129 
144 233 393 414 413 853 902 947 467 522 
86 203 27 969 673 678 664 960 596 978 
814 912 90 128 836 278 745 137 619 28 
582 386 193 552 182 246 219 864 956 395 
739 94 486 648 18 825 17 851 262 51 
774 952 688 324 331 451 253 935 864 233 
32 908 840 423 84 912 747 981 27 436 
230 216 976 487 874 106 679 1000 10 584 
485 314 50 888 290 301 80 919 870 25 
653 70 673 940 906 241 20 458 752 147 

6 492 1000 852 570 964 70 616 337 581 
499 750 42 392 227 743 612 611 932 491 
866 631 771 638 670 940 120 497 588 650 
164 641 829 605 389 931 327 564 865 375 
892 454 625 622 24 825 365 891 9 898 
171 587 415 192 59 323 824 697 670 136 
610 904 85 437 351 973 506 585 775 281 
987 432 510 75 0 34 731 825 974 225 
337 171 868 299 870 620 215 61 828 888 
359 429 292 811 272 807 570 394 544 125 
61 916 872 955 82 754 423 708 334 19 
930 765 315 890 972 463 656 81 281 955 
102 116 513 276 916 2 268 946 464 216 
556 759 348 714 245 544 52 365 231 726 
965 447 982 283 794 874 146 505 632 599 
314 998 581 263 640 727 151 162 0 618 
124 396 472 178 939 26 363 449 580 145 
826 326 876 667 509 259 897 660 288 661 
664 875 30 198 211 402 286 246 431 876 
792 718 682 268 627 97 8 950 81 411 
756 607 326 777 310 698 309 196 278 474 
705 605 698 41 334 62 861 92 488 253 
864 697 322 328 865 840 825 251 419 49 
990 874 173 583 323 832 199 1 520 514 
660 38 277 811 853 257 369 942 849 663 

961 337 576 627 85 595 131 750 662 391 
118 721 983 718 229 589 833 56 588 750 
749 916 973 194 776 876 293 361 595 485 
271 855 298 528 536 720 753 704 503 371 
624 166 113 609 772 533 818 194 240 646 
118 160 241 240 618 597 431 243 117 36 
704 48 820 213 735 639 138 583 233 348 
432 600 259 357 706 200 162 927 365 573 
678 683 632 820 357 103 301 341 410 326 
495 179 922 939 540 643 216 759 521 932 
936 425 885 801 639 941 825 815 937 129 
82 491 39 922 313 27 176 121 191 411 
413 195 700 527 893 963 514 816 11 331 
828 473 904 69 80 406 581 731 967 393 
984 910 183 661 834 265 887 617 37 398 
445 87 724 889 894 961 741 587 728 372 
643 368 198 928 940 597 832 801 956 465 
165 448 524 637 310 364 908 732 351 618 
277 57 741 281 160 98 606 882 149 534 
664 370 536 340 431 267 752 446 168 343 
73 210 709 155 927 636 683 601 921 753 
77 472 817 593 760 612 728 19 86 335 
333 90 546 708 800 521 835 653 316 138 
483 189 93 16 741 288 257 497 137 293 
393 315 879 268 175 165 700 124 543 809 

413 47 50 202 811 398 414 469 216 703 
967 52 206 187 536 206 435 985 71 802 
736 801 360 815 365 344 890 32 747 413 
290 47 84 376 906 145 365 112 213 289 
205 766 293 379 359 644 280 104 806 579 
455 817 989 450 905 597 405 933 508 728 
511 760 231 958 809 76 166 415 162 133 
695 941 789 498 515 308 635 121 24 312 
425 303 39 828 16 968 389 17 278 125 
945 249 992 345 780 178 96 167 182 608 
624 500 402 722 62 976 911 668 35 426 
783 568 889 773 76 843 468 69 124 609 
309 802 241 211 498 201 476 580 397 300 
721 230 403 189 54 162 381 997 984 396 
335 435 100 784 744 991 134 875 435 443 
183 443 898 629 996 923 29 90 164 648 
848 607 144 295 552 18 18 218 76 174 
797 414 32 488 615 703 651 698 710 400 
543 254 10 93 702 881 790 584 808 859 
495 418 321 895 164 894 241 709 665 180 
523 159 642 546 563 377 331 549 69 955 
975 930 762 589 175 451 377 732 638 564 
459 92 995 759 917 907 60 381 818 860 
481 425 557 791 985 897 551 824 919 579 
797 289 448 154 399 607 683 435 787 867 

164 949 500 968 967 212 365 554 348 471 
886 217 372 976 240 863 927 454 599 54 
86 659 227 209 366 292 14 204 84 493 
250 322 125 544 745 850 364 995 700 58 
112 30 464 983 627 182 934 7 761 978 
888 79 752 866 59 793 264 818 573 338 
746 823 635 92 762 693 740 753 731 351 
508 816 338 412 803 426 662 67 275 617 
152 817 668 994 270 250 432 773 996 490 
494 202 224 104 371 850 313 161 861 232 
597 311 915 354 346 43 859 462 945 48 
141 224 998 812 669 769 178 316 91 51 
998 463 158 9 787 582 354 235 740 367 
435 575 875 271 867 674 248 371 296 23 
827 650 775 366 773 488 190 150 968 656 
893 827 924 154 909 695 16 440 122 786 
323 874 970 850 121 853 148 933 902 789 
272 87 358 566 526 827 117 276 949 780 
705 327 86 390 772 58 450 524 17 647 
560 256 563 212 667 405 553 186 639 76 
538 594 137 131 474 463 155 152 400 390 
395 560 873 301 502 144 820 416 206 114 
937 313 472 138 830 875 545 539 100 424 
833 554 254 121 233 457 24 980 190 840 
482 846 758 530 886 573 784 420 525 503 

314 583 661 544 898 385 112 108 337 782 
52 483 520 806 635 451 284 349 420 549 
751 769 25 591 361 894 21 522 202 607 
49 155 359 734 748 821 217 837 745 489 
935 339 946 595 157 759 481 550 884 676 
606 494 960 373 897 959 483 623 636 559 
811 557 157 775 569 767 154 170 736 409 
78 461 919 16 986 632 515 926 832 66 
357 516 228 1 474 86 512 519 586 147 
832 157 531 88 812 612 136 923 471 412 
477 677 966 479 515 91 79 84 173 955 
446 827 268 972 237 19 889 861 289 296 
930 574 487 496 200 778 808 600 352 607 
72 343 819 244 315 286 382 363 558 441 
495 961 396 19 707 116 572 698 278 225 
662 450 982 492 790 982 16 904 448 663 
711 965 279 234 538 546 269 360 854 194 
594 727 875 997 450 866 303 173 381 308 
592 243 719 76 320 241 367 901 814 303 
963 345 388 173 833 358 987 679 152 544 
476 608 553 613 505 225 61 410 109 519 
500 661 472 666 678 240 657 671 640 553 
668 155 543 208 325 39 323 316 441 727 
564 682 16 992 886 471 226 631 676 847 
820 78 861 573 471 993 657 548 583 138 

