250 30 30

313 496 259 728 365 167 497 308 402 439 
544 607 783 311 474 394 145 260 107 606 
502 555 263 624 460 546 589 615 580 219 
400 247 539 412 246 232 204 387 466 598 
396 301 271 487 434 550 233 376 362 329 
404 255 340 718 274 165 735 635 443 335 
523 223 566 303 319 724 530 235 458 692 
482 570 364 499 346 351 286 269 634 382 
692 726 134 510 402 247 383 326 237 541 
522 461 587 486 410 326 533 541 275 129 
284 679 384 622 573 380 311 510 384 228 
427 471 450 366 415 253 549 711 235 229 
452 679 291 589 257 537 322 474 112 284 
426 552 178 635 725 241 383 310 252 356 
355 425 460 811 610 574 644 627 195 616 
683 739 429 374 668 341 519 406 183 243 
292 396 401 166 364 650 340 467 416 500 
492 517 617 334 254 437 414 279 602 568 
179 651 466 754 716 551 460 486 349 180 
593 391 351 477 474 644 613 569 521 595 
310 393 245 387 469 322 381 575 374 439 
231 437 284 669 352 592 488 520 395 653 
315 378 727 707 197 185 442 463 701 319 
112 682 759 236 455 333 296 414 491 537 
121 622 312 611 626 457 347 312 313 491 

32120 31901 31985 30958 31041 30588 30187 31678 30212 29614 
32195 31954 33901 29948 28439 29787 30108 30416 30800 31813 
31049 32588 31204 33554 31267 32017 31098 33621 29037 30250 

31464 31066 30906 29519 31311 30280 31916 32892 30469 30284 
29444 31755 33001 30107 33040 31143 31692 29872 32271 30832 
31575 29818 30331 31472 29276 31653 31319 30656 30874 31757 

990 3 809 515 227 393 887 679 477 570 
286 133 544 706 397 962 809 247 214 212 
96 635 455 774 55 689 67 498 409 223 
134 93 987 1000 2 249 492 902 509 462 
852 138 910 605 413 260 892 738 748 904 
973 719 174 718 806 440 298 920 56 779 
859 810 29 843 442 587 470 249 389 429 
212 129 449 478 471 93 873 685 194 756 
220 876 139 897 240 191 667 723 800 592 
914 895 470 263 296 744 633 924 211 370 
661 254 260 249 814 519 144 557 602 549 
647 745 609 897 103 80 717 253 734 551 
129 127 825 368 683 688 326 195 50 860 
548 197 646 959 550 806 697 108 890 452 
873 492 692 777 275 160 577 636 622 872 
869 659 757 335 523 819 835 260 680 709 
923 162 814 881 38 970 146 127 364 317 
988 962 550 227 241 803 322 314 522 199 
564 928 338 967 436 15 67 835 620 228 
318 214 693 589 131 768 895 246 46 190 
285 370 966 609 393 305 373 960 293 926 
985 127 45 765 877 45 126 120 222 494 
23 910 134 750 313 823 171 768 95 891 
885 848 909 251 905 567 218 582 264 728 
246 788 263 581 858 640 549 35 530 592 

382 677 228 468 194 4 637 464 389 985 
415 241 996 608 660 329 669 349 969 450 
99 467 908 613 971 680 692 576 122 266 
26 297 187 992 939 597 962 776 570 102 
793 861 455 8 350 852 706 962 208 194 
646 446 389 184 54 567 742 577 825 669 
69 178 805 17 292 310 988 833 69 516 
224 19 640 258 639 209 80 309 655 664 
421 375 913 104 119 768 902 276 991 688 
130 623 958 90 194 298 673 1000 566 16 
315 550 919 645 273 376 55 698 492 659 
627 170 593 356 490 338 904 218 874 283 
455 693 607 910 59 971 802 67 627 462 
227 826 901 87 951 406 821 609 79 101 
58 389 182 905 494 705 225 595 297 719 
676 124 652 767 312 611 46 900 214 477 
394 592 578 248 194 215 128 413 891 147 
751 417 417 172 928 747 908 645 557 395 
481 263 914 719 353 815 197 108 759 839 
452 134 604 549 890 872 499 669 698 931 
716 679 167 951 609 792 609 266 242 505 
288 98 112 562 477 212 644 309 38 859 
973 930 821 800 139 989 725 292 751 298 
652 982 775 156 783 309 843 448 17 948 
848 805 41 601 711 135 230 972 165 680 

738 159 329 125 298 226 127 834 306 243 
823 829 960 512 796 27 415 941 262 149 
615 276 703 328 567 407 198 919 243 518 
341 393 27 841 170 330 369 852 551 498 
912 230 754 176 797 616 132 236 470 830 
643 623 381 647 494 659 211 92 731 730 
565 594 843 407 224 343 240 255 499 270 
644 430 952 363 984 57 850 918 615 526 
486 104 929 173 265 382 998 110 678 1000 
800 263 988 96 431 948 544 643 452 333 
592 833 189 573 659 292 122 376 249 658 
628 371 54 123 768 752 429 562 542 720 
262 851 365 863 512 680 650 734 29 787 
885 803 832 43 522 369 391 504 176 919 
864 69 339 969 661 855 905 960 7 881 
167 866 620 669 17 986 113 387 292 518 
77 434 788 90 843 94 228 520 101 791 
857 812 544 69 236 856 621 877 324 741 
649 565 304 348 232 783 285 967 742 248 
468 547 914 773 40 962 993 169 746 762 
333 553 741 367 882 268 57 761 604 532 
103 222 673 221 329 765 475 360 328 559 
633 214 610 566 658 69 225 835 857 837 
229 328 991 727 108 242 140 961 87 444 
643 236 797 876 680 914 243 982 547 104 

546 90 153 696 863 583 254 427 560 540 
757 424 916 410 107 319 640 739 631 668 
168 929 594 13 819 822 710 930 525 127 
9 863 132 840 950 19 226 637 7 253 
965 718 220 412 831 536 1 179 414 811 
339 62 691 967 210 423 524 829 548 479 
440 520 780 718 821 664 415 504 716 730 
43 29 223 728 285 967 15 425 657 458 
680 753 992 805 529 111 297 867 429 241 
184 456 107 584 838 891 910 67 614 392 
132 659 155 307 822 740 666 251 596 366 
883 380 389 279 294 483 642 873 560 48 
992 354 123 981 359 936 54 376 166 968 
121 842 826 723 423 709 651 335 121 576 
413 839 847 242 358 978 693 367 540 332 
759 509 765 807 308 94 347 455 660 4 
758 632 258 6 167 944 55 164 997 516 
316 476 930 124 540 642 339 557 845 185 
217 530 14 101 539 889 429 60 544 823 
479 679 21 203 15 956 74 915 387 977 
85 89 193 640 92 764 852 558 482 366 
382 354 521 536 109 741 970 1000 149 293 
901 910 625 377 691 241 897 685 20 188 
42 451 306 47 137 517 394 31 726 733 
878 406 912 512 547 385 579 190 651 955 

340 435 226 156 177 379 673 649 152 711 
261 578 310 730 684 262 44 938 652 463 
769 983 780 21 786 221 176 443 394 745 
573 915 386 581 40 730 966 572 806 516 
701 636 67 934 534 566 180 486 482 727 
163 394 111 964 310 970 566 728 839 39 
577 541 665 224 110 747 950 64 721 380 
563 506 510 123 264 832 186 248 921 582 
68 628 79 353 774 637 60 126 787 737 
288 764 279 554 254 801 850 406 117 854 
531 299 351 698 452 684 996 879 97 134 
204 830 88 74 31 667 679 800 21 9 
960 640 756 707 478 528 68 215 148 716 
716 524 538 665 747 53 911 592 654 180 
925 658 956 856 574 720 971 162 498 559 
817 786 111 54 562 220 276 584 772 218 
758 63 940 297 551 350 958 411 15 501 
414 567 684 323 578 698 536 141 404 692 
336 857 9 202 934 513 275 455 139 376 
966 370 942 982 300 125 434 603 128 723 
99 597 541 207 983 473 797 509 725 603 
81 305 351 175 860 185 638 243 550 523 
585 402 576 646 405 233 860 226 412 439 
338 126 709 679 547 461 95 989 350 88 
333 362 75 386 600 831 963 542 639 923 

291 33 263 693 309 439 131 32 933 846 
67 714 532 332 132 307 494 953 42 589 
68 884 64 824 9 279 195 987 149 426 
866 457 955 393 950 657 194 716 777 748 
918 962 576 588 125 468 400 657 465 339 
513 67 719 153 829 623 988 592 376 105 
882 173 917 366 782 506 476 238 970 95 
741 972 696 813 474 598 629 544 752 202 
393 2 556 286 8 639 518 773 971 964 
207 187 27 463 905 464 562 773 34 685 
770 373 400 751 234 904 659 278 797 677 
638 260 160 895 44 414 270 893 993 588 
166 532 415 841 152 623 150 185 874 858 
712 85 668 393 874 56 517 3 618 774 
476 406 16 913 270 393 439 692 10 116 
96 228 102 392 250 513 456 862 252 952 
75 920 654 366 368 713 259 308 80 374 
663 533 986 609 56 928 474 674 334 198 
667 924 177 611 554 744 855 189 75 35 
947 109 312 920 596 992 741 470 323 388 
244 776 769 611 512 351 668 226 540 711 
912 318 850 508 494 579 619 443 502 923 
778 112 786 456 46 10 938 267 363 216 
649 865 344 2 202 64 174 272 437 717 
93 907 719 507 262 13 349 426 176 681 

750 77 268 939 227 482 991 142 600 800 
443 614 727 994 804 340 353 93 259 427 
763 3 236 460 122 61 616 391 255 370 
122 380 57 154 417 12 237 130 411 531 
165 805 588 977 788 719 297 341 741 433 
223 753 951 602 626 603 617 812 487 9 
396 82 440 186 701 891 266 708 527 800 
889 889 43 268 343 497 807 440 46 54 
944 892 923 66 47 260 238 528 59 432 
619 420 772 459 362 316 859 630 255 283 
483 44 489 426 769 780 419 246 738 781 
828 327 664 582 382 293 844 641 65 458 
130 666 157 216 287 315 673 713 764 557 
223 641 536 638 132 380 934 237 928 407 
739 519 666 431 430 455 793 547 342 631 
114 650 868 329 948 940 357 156 941 51 
6 391 714 29 21 814 217 952 260 376 
919 580 948 885 441 975 434 303 515 284 
517 39 713 552 675 541 473 482 606 709 
284 800 538 692 905 113 323 493 233 678 
593 467 304 479 11 567 744 295 389 455 
308 839 856 362 975 180 541 262 379 375 
402 854 841 696 440 324 139 666 731 282 
147 285 70 624 233 462 249 941 23 990 
437 310 869 429 521 87 563 45 820 525 

482 806 89 463 65 436 80 991 697 883 
811 709 783 766 492 30 189 770 263 839 
975 389 243 108 758 454 951 854 390 156 
454 128 767 69 986 328 430 284 490 470 
490 66 572 62 214 913 713 941 889 522 
91 13 847 388 135 393 541 121 257 760 
687 16 748 785 154 341 855 930 192 696 
526 840 135 864 302 782 64 477 486 686 
688 952 750 440 440 75 265 550 349 592 
65 355 239 162 366 207 658 446 503 204 
158 927 636 253 111 644 961 227 508 11 
851 895 335 938 768 783 569 337 912 265 
779 832 974 881 77 626 796 178 535 319 
873 542 688 498 628 933 370 583 485 519 
202 795 280 42 520 776 881 394 835 327 
414 532 833 532 791 497 553 472 886 858 
906 313 727 24 159 657 670 944 961 273 
858 697 659 372 533 902 331 340 265 545 
157 156 234 950 447 186 69 123 804 723 
380 408 594 891 263 418 267 684 289 119 
403 418 432 953 174 783 498 91 791 683 
376 37 239 738 964 191 188 475 105 295 
750 436 542 362 288 631 122 949 186 354 
71 433 617 137 375 471 523 868 655 761 
556 440 877 748 802 247 483 927 561 655 

865 309 94 930 68 562 379 291 456 759 
183 707 263 862 154 663 63 892 107 426 
844 673 219 193 410 856 118 819 105 743 
700 701 830 382 860 559 942 383 659 975 
930 986 303 281 936 758 39 340 543 7 
38 290 497 121 539 336 822 688 242 392 
892 990 448 630 224 417 552 865 812 810 
857 669 110 149 612 874 220 9 391 927 
913 599 747 556 405 779 677 210 472 260 
14 396 110 859 42 641 944 6 764 960 
613 897 796 3 845 529 262 319 673 344 
802 65 707 839 986 48 722 318 192 506 
162 277 595 527 77 81 125 816 164 733 
869 686 411 6 309 258 191 556 884 175 
912 793 497 506 207 884 988 389 423 19 
348 790 203 201 160 211 938 757 270 113 
269 566 29 145 396 568 323 57 412 120 
430 500 914 462 635 649 131 351 304 164 
611 232 42 47 346 346 669 438 501 760 
455 605 618 466 420 705 818 87 471 441 
284 564 637 380 245 526 9 543 713 9 
807 524 983 383 874 836 856 319 635 392 
631 571 56 779 549 312 769 232 819 907 
248 562 23 152 24 935 834 2 346 812 
159 849 80 47 828 198 538 670 438 576 

586 291 550 973 920 236 605 671 892 852 
600 908 391 988 124 372 664 246 201 208 
311 31 886 319 331 411 560 479 437 637 
74 334 369 381 843 822 223 688 74 106 
550 958 258 43 963 862 989 632 412 657 
762 538 431 889 286 19 249 720 652 866 
672 241 653 495 848 639 454 278 382 798 
755 326 126 437 943 639 500 513 65 565 
908 544 221 918 171 650 264 773 74 648 
240 301 678 97 111 653 440 304 383 341 
676 271 354 500 252 442 704 24 939 380 
239 490 577 546 410 422 698 66 162 862 
597 825 749 33 124 470 56 319 344 881 
61 852 90 299 854 485 114 157 413 134 
383 16 609 879 395 264 289 890 508 160 
301 253 394 451 497 687 316 503 608 229 
313 138 442 418 239 346 446 592 677 958 
302 209 105 925 781 964 121 98 873 232 
106 445 513 834 826 152 397 654 958 454 
95 575 114 339 373 23 676 827 67 589 
927 788 195 97 240 651 573 129 299 712 
308 201 91 704 301 949 36 654 953 398 
921 761 589 701 67 243 294 419 584 807 
94 164 703 856 276 647 165 457 543 983 
26 729 97 854 1000 210 451 934 488 110 

260 223 549 440 602 944 277 411 4 966 
851 926 645 462 558 562 89 82 887 416 
460 52 181 341 799 318 304 811 186 742 
895 239 544 274 747 157 157 559 632 363 
129 329 998 471 353 81 131 873 538 698 
47 784 836 554 661 934 640 561 340 235 
474 851 521 722 620 462 194 990 256 490 
339 650 187 11 480 147 522 311 79 254 
582 327 756 160 624 696 449 226 666 856 
915 857 258 359 949 271 128 538 899 363 
338 905 622 321 756 283 922 769 200 359 
609 897 311 642 990 330 54 839 9 362 
751 777 469 934 460 121 243 630 371 633 
573 350 122 660 722 456 770 332 579 267 
179 425 946 561 940 386 430 419 799 797 
894 53 893 510 843 370 206 146 324 734 
943 336 328 901 770 764 198 630 62 803 
412 983 227 630 401 431 740 606 619 206 
507 844 671 509 221 542 813 412 906 896 
591 856 562 920 445 617 184 984 394 148 
520 489 12 141 552 548 534 27 113 960 
574 577 801 939 693 432 919 897 89 493 
102 61 765 227 310 890 140 441 477 472 
207 882 625 487 140 79 642 909 690 828 
817 872 710 69 587 498 863 22 531 975 

482 621 155 248 117 576 857 125 259 502 
738 140 781 895 519 428 491 11 425 200 
532 347 437 140 307 865 904 89 638 280 
962 480 805 988 866 985 168 199 468 41 
821 272 565 284 347 53 867 88 161 802 
37 829 741 592 686 334 118 494 608 40 
721 166 242 653 437 897 241 792 525 816 
768 662 7 871 999 193 385 713 765 475 
415 731 661 356 548 835 98 628 527 668 
690 64 905 672 459 341 759 532 801 877 
276 482 739 548 708 298 56 73 696 502 
597 973 916 887 387 870 202 611 338 504 
853 675 728 632 229 821 831 696 253 959 
506 369 598 214 726 100 905 434 264 590 
95 538 874 39 497 542 813 841 38 185 
894 513 816 986 896 600 285 830 397 942 
102 120 596 851 682 60 129 252 288 807 
591 327 951 206 470 432 693 848 749 199 
873 852 150 512 305 186 724 48 218 251 
861 143 891 608 215 363 41 564 244 86 
945 56 749 861 183 153 80 216 137 68 
513 95 610 173 778 963 375 971 874 512 
187 828 447 668 372 895 787 865 666 765 
959 913 899 702 426 918 959 293 528 295 
164 115 867 66 401 204 114 636 251 452 

292 449 673 336 42 420 695 332 712 309 
406 735 754 422 806 680 286 684 768 496 
997 413 278 780 313 174 951 265 550 602 
788 854 360 769 939 583 360 447 951 384 
597 800 588 812 469 603 27 272 201 333 
882 970 729 851 152 737 564 869 51 171 
373 5 778 49 207 842 730 107 703 797 
625 930 260 896 628 58 535 290 785 172 
554 891 123 349 90 960 321 304 844 285 
438 3 929 597 718 788 937 956 181 706 
273 894 607 732 796 847 959 802 978 850 
777 189 171 678 334 599 578 699 562 913 
817 320 239 337 921 667 431 936 630 389 
604 445 556 699 489 660 972 892 796 635 
717 723 794 10 386 396 904 880 511 799 
514 878 891 254 526 316 948 805 982 5 
110 38 704 116 705 474 494 466 70 655 
140 183 495 725 100 740 977 207 12 154 
802 593 218 925 682 589 996 509 900 213 
66 386 873 96 665 846 929 861 14 552 
344 217 310 27 114 672 360 291 230 493 
615 643 724 722 185 126 86 518 57 516 
559 162 548 889 695 370 222 420 562 35 
378 964 260 649 875 554 572 989 870 294 
875 560 459 763 907 899 791 203 671 690 

972 504 303 692 459 895 328 124 127 957 
533 476 545 94 256 174 490 874 390 403 
628 727 382 631 376 36 576 443 349 522 
981 904 253 67 98 988 232 439 964 614 
220 307 362 41 412 752 517 474 60 132 
217 482 805 443 736 691 676 404 83 906 
339 796 72 488 197 594 505 1000 234 735 
306 16 359 43 697 584 42 624 435 917 
40 200 59 98 430 181 593 106 226 612 
836 752 640 920 975 619 187 744 213 754 
465 808 500 659 181 80 242 571 131 743 
146 325 670 749 749 195 242 323 353 238 
208 899 371 445 532 135 396 231 88 899 
500 881 630 866 201 630 344 752 365 305 
312 324 763 980 743 180 15 558 142 366 
392 598 54 539 352 594 1000 329 317 950 
83 476 7 549 832 228 40 937 592 965 
722 626 153 929 604 80 834 389 409 506 
436 454 830 690 748 529 962 806 427 270 
700 87 908 154 430 998 808 863 91 276 
683 580 864 447 85 531 965 283 304 303 
75 967 828 378 227 170 596 368 587 297 
829 373 943 874 548 111 897 541 997 850 
168 31 164 264 937 518 12 221 656 700 
64 115 285 637 957 275 191 919 147 350 

898 587 695 631 192 535 75 249 56 97 
8 151 600 579 360 175 676 665 703 733 
692 364 43 513 903 588 631 697 466 503 
275 500 694 36 377 755 101 446 807 40 
450 354 312 140 388 679 922 202 408 247 
861 148 529 529 720 913 617 196 291 307 
308 412 867 874 601 541 162 267 231 208 
619 917 217 72 854 305 42 314 511 32 
359 232 590 962 671 141 127 298 243 374 
80 418 252 125 596 255 137 372 738 101 
190 108 164 344 620 387 209 16 51 695 
809 82 39 893 467 86 525 831 313 381 
956 409 543 454 972 42 686 460 880 803 
962 841 26 890 420 49 211 971 121 519 
343 411 816 800 626 572 628 473 13 151 
109 601 526 125 623 254 187 252 679 33 
532 481 393 417 763 450 611 719 205 265 
503 711 126 47 83 362 582 919 216 563 
797 413 436 199 311 650 432 771 288 297 
601 317 390 359 456 171 169 444 280 612 
644 388 434 367 280 108 178 743 804 189 
7 835 983 314 461 679 801 489 19 837 
948 411 564 385 111 459 742 559 452 913 
755 941 158 924 395 376 197 321 454 880 
708 942 410 954 417 772 137 505 770 912 

64 395 48 49 927 573 941 111 779 687 
100 888 613 493 509 369 33 274 13 566 
814 740 607 274 536 232 924 165 967 172 
196 33 181 343 138 51 370 712 489 482 
496 769 41 552 286 474 47 451 932 245 
535 715 179 325 403 889 666 324 73 20 
240 209 805 35 157 383 587 785 590 436 
955 44 989 670 947 84 684 429 949 43 
77 816 853 561 324 825 593 332 711 535 
870 857 563 640 758 406 173 403 436 236 
371 334 667 341 288 133 929 577 42 861 
287 784 84 700 726 350 970 1000 569 146 
520 281 68 117 24 448 503 243 816 636 
467 379 207 33 241 525 292 551 381 816 
141 307 957 922 40 184 193 252 692 108 
10 19 108 162 395 462 800 954 153 944 
371 730 673 109 453 651 725 749 598 428 
133 810 783 799 216 9 665 741 504 658 
850 131 726 407 123 121 323 942 850 670 
106 447 760 445 790 316 706 341 222 308 
208 147 763 718 784 865 678 669 848 187 
345 880 53 853 652 374 918 215 532 596 
151 907 659 527 839 188 530 504 888 214 
430 266 290 742 821 924 47 832 784 831 
108 754 454 222 228 788 780 289 244 451 

678 688 230 474 931 568 95 712 580 471 
167 952 172 527 179 123 69 268 492 989 
333 29 206 785 469 373 856 478 229 823 
486 415 625 99 400 907 172 490 720 721 
606 99 798 193 631 67 379 82 9 279 
592 655 23 337 997 505 311 780 664 428 
481 488 267 337 516 467 524 309 221 518 
307 726 479 331 53 609 49 167 259 292 
354 635 66 648 837 898 273 786 108 507 
469 709 838 868 540 329 937 354 482 978 
510 482 79 192 583 959 221 370 560 713 
195 305 328 778 491 814 887 697 763 611 
197 146 334 354 734 851 728 384 447 7 
475 7 63 752 965 159 741 767 677 906 
126 131 889 553 363 67 154 729 412 556 
58 381 424 673 875 195 423 165 887 910 
581 666 719 759 31 303 60 82 523 227 
278 913 833 916 752 883 331 782 968 3 
710 533 223 840 846 288 261 792 291 611 
10 891 853 187 980 320 928 647 324 530 
239 268 735 353 594 637 357 488 152 428 
788 738 435 362 185 380 959 880 443 968 
312 524 256 494 285 187 45 43 320 369 
190 719 643 737 241 144 450 468 914 208 
418 963 862 535 141 781 577 40 74 792 

158 44 823 848 650 233 574 432 15 312 
673 659 722 745 229 705 307 775 263 587 
335 763 465 501 383 793 434 366 430 973 
641 56 158 139 216 599 455 33 697 452 
12 238 505 247 150 351 6 167 997 693 
258 313 163 752 605 377 630 105 284 763 
409 746 387 624 513 567 315 562 800 705 
300 390 708 198 1 700 877 858 887 568 
624 915 19 734 878 655 125 151 436 863 
785 694 881 504 248 441 849 974 232 127 
980 631 776 150 326 599 634 354 468 305 
62 813 52 881 490 10 361 370 59 767 
648 490 322 949 382 807 135 369 38 200 
439 296 460 916 797 21 570 347 770 690 
662 773 932 727 231 366 439 677 427 135 
110 394 131 604 711 858 81 631 938 962 
271 119 536 68 639 239 939 49 769 304 
602 490 824 62 873 125 60 876 762 504 
525 71 29 654 836 386 56 892 81 527 
287 995 524 865 947 51 549 161 290 668 
730 670 450 540 28 780 5 439 824 640 
946 170 38 713 242 861 731 751 357 524 
655 696 24 396 790 838 456 926 391 658 
146 69 46 375 458 303 978 718 656 629 
525 693 73 355 751 711 915 14 337 105 

438 64 706 986 963 317 380 168 974 675 
68 586 547 828 396 305 130 475 81 781 
130 40 251 329 582 115 615 591 729 570 
654 657 483 666 843 124 666 367 623 13 
239 124 349 144 277 514 477 453 98 360 
609 753 474 774 105 37 272 506 518 529 
37 671 73 343 268 553 73 951 131 305 
398 30 809 632 169 949 792 845 232 466 
49 335 307 65 946 553 207 641 537 729 
981 814 933 151 930 594 697 717 37 491 
639 651 370 138 910 167 937 497 827 767 
461 561 801 78 14 262 545 856 534 924 
359 518 459 382 490 296 418 643 498 526 
614 575 910 309 754 290 588 769 388 395 
560 679 981 450 529 111 43 536 710 83 
773 703 84 915 809 49 292 84 208 682 
758 421 12 988 640 175 551 630 717 247 
498 436 910 901 856 877 1000 25 337 958 
395 323 469 290 182 567 822 278 595 715 
60 702 695 608 144 90 269 530 7 638 
831 784 876 219 772 209 4 777 576 181 
776 250 294 118 645 492 414 659 923 110 
167 307 519 656 811 905 857 424 445 180 
229 753 987 868 762 530 20 67 828 655 
208 81 873 473 9 702 414 918 973 981 

703 305 984 901 377 64 44 967 632 879 
792 319 567 680 906 291 634 31 500 396 
45 742 743 767 844 342 954 530 903 136 
337 95 459 430 998 530 513 405 848 218 
116 991 446 594 157 618 666 453 303 499 
37 35 161 304 86 581 535 983 450 210 
24 977 115 936 350 703 673 145 55 424 
344 691 893 944 751 109 224 569 868 522 
46 125 431 584 232 99 38 477 965 869 
98 806 242 75 507 976 240 521 144 154 
220 897 245 488 412 33 722 657 703 259 
312 507 313 678 691 259 329 615 685 943 
851 119 168 607 804 19 73 759 394 863 
829 654 703 328 317 251 593 435 961 252 
386 912 854 791 184 878 103 269 76 910 
780 537 780 967 981 820 743 436 965 901 
707 351 815 195 289 20 993 459 987 205 
435 296 82 786 174 222 906 21 628 508 
882 230 131 428 501 826 993 109 642 444 
463 627 548 258 469 251 545 238 761 200 
82 817 159 948 383 399 847 328 895 586 
970 794 707 391 442 89 472 459 476 826 
102 196 670 160 148 967 833 517 287 277 
237 563 999 853 359 288 664 999 43 869 
272 862 809 934 757 939 241 759 13 736 

606 11 42 572 284 100 444 744 993 377 
652 930 861 10 25 9 465 317 621 868 
289 982 485 856 569 888 98 144 648 822 
147 714 839 928 399 483 896 351 3 266 
942 903 559 21 969 543 920 399 422 257 
431 12 168 338 988 153 881 840 506 614 
911 199 298 561 839 994 660 802 153 121 
329 328 185 855 249 870 953 1 774 245 
847 790 125 240 162 216 335 753 355 663 
380 151 102 648 291 788 477 616 97 736 
65 227 559 832 200 218 442 524 565 528 
144 651 402 747 983 87 342 435 782 232 
574 148 833 817 652 699 653 628 139 354 
767 687 534 19 300 99 444 895 176 832 
684 876 760 907 424 952 838 354 371 880 
984 885 865 78 295 709 891 255 8 353 
648 760 509 85 754 923 257 329 581 478 
813 138 784 565 445 339 225 149 306 105 
274 48 230 817 998 624 521 418 666 524 
222 187 571 538 484 394 43 202 605 833 
787 783 425 281 928 956 32 996 397 539 
554 668 436 204 47 780 788 479 741 570 
488 18 20 929 454 849 99 272 851 425 
153 804 678 314 939 366 3 16 448 501 
436 240 766 866 63 451 59 709 186 724 

275 979 463 857 68 563 583 76 83 709 
448 998 876 850 382 496 299 761 331 713 
558 895 886 366 447 252 492 501 827 349 
425 128 459 797 517 698 661 187 455 523 
179 890 931 635 150 690 699 976 2 330 
982 159 393 330 963 412 348 713 651 834 
78 396 714 682 415 137 940 268 568 7 
775 414 683 798 60 351 824 157 477 89 
792 200 461 234 386 605 626 634 542 563 
60 771 941 353 467 834 812 143 914 367 
189 648 989 733 444 914 651 538 842 267 
235 862 267 763 329 891 672 402 813 209 
884 912 367 702 247 678 845 952 108 919 
144 403 554 846 58 617 93 214 648 820 
83 380 7 772 742 677 272 689 483 279 
203 463 15 904 44 93 692 936 216 860 
543 904 534 784 169 216 614 888 511 705 
587 733 131 735 496 220 382 324 571 724 
524 908 683 254 126 877 691 479 909 810 
460 71 907 731 740 63 402 559 33 596 
665 893 828 350 899 989 221 599 373 353 
330 164 898 378 119 53 425 733 964 700 
466 858 361 552 547 64 850 790 92 714 
667 476 540 8 627 510 306 909 840 452 
147 211 549 785 110 657 349 324 441 104 

415 437 26 825 287 191 284 598 8 663 
176 243 380 184 671 82 831 733 136 376 
519 779 759 308 820 900 599 825 959 220 
949 888 187 672 261 31 206 868 801 990 
718 145 292 512 940 833 611 412 346 235 
342 918 939 36 209 82 559 123 438 609 
739 579 46 243 18 463 940 211 438 847 
23 928 612 773 19 609 163 526 998 486 
507 912 276 247 453 368 122 469 310 680 
634 850 458 699 611 58 3 473 766 982 
439 921 432 596 610 689 27 432 304 982 
955 896 169 661 993 114 923 373 601 671 
440 98 364 804 628 795 541 788 597 134 
843 303 176 728 60 977 64 807 228 291 
365 683 920 657 86 216 181 224 654 573 
303 382 215 978 202 838 970 75 819 82 
314 950 980 320 363 438 954 16 613 414 
630 610 785 29 117 818 368 387 465 393 
230 479 203 98 722 990 895 201 946 363 
445 620 560 570 81 287 382 602 714 688 
27 566 715 463 283 106 323 227 952 821 
100 548 907 219 294 509 640 112 353 789 
229 780 668 882 104 105 289 340 899 765 
725 698 201 927 824 336 253 228 329 923 
903 703 47 802 453 218 583 101 779 927 

424 610 235 828 824 539 538 810 612 265 
16 389 922 550 318 465 7 526 365 89 
711 515 107 287 665 843 612 746 398 626 
1 555 821 87 588 933 31 296 47 479 
995 956 351 396 258 476 460 453 711 512 
965 915 134 803 45 439 178 542 568 605 
852 566 836 188 959 989 655 46 428 888 
941 512 13 189 726 625 4 739 297 538 
785 655 443 313 742 923 861 326 819 348 
785 978 608 431 634 626 654 731 14 735 
236 781 893 843 715 390 174 908 912 332 
630 136 13 195 328 116 766 202 987 884 
915 893 398 273 579 998 804 670 123 378 
984 329 625 469 399 714 12 629 239 997 
359 511 547 735 577 484 196 842 918 1000 
751 961 731 153 825 354 764 2 187 263 
286 106 628 538 923 408 547 740 985 323 
906 564 201 331 33 431 831 289 831 933 
767 711 769 405 931 287 921 238 412 748 
677 884 694 739 684 300 401 624 321 73 
416 303 437 506 844 809 430 89 295 723 
225 588 128 685 857 673 113 32 285 699 
322 500 763 320 299 980 399 774 651 635 
760 937 956 514 1 174 483 457 675 948 
888 313 114 623 370 307 583 756 511 771 

959 131 614 554 829 960 526 646 996 504 
586 921 802 860 955 548 46 840 859 122 
760 16 467 469 210 614 644 993 178 486 
829 305 29 453 889 237 547 733 894 201 
676 795 366 764 206 747 397 109 995 1000 
271 309 109 677 286 941 201 289 886 118 
700 535 866 546 488 970 603 70 253 176 
627 756 616 333 933 938 324 500 203 316 
714 302 492 858 202 83 772 433 983 601 
353 859 564 111 126 518 609 440 690 141 
338 592 119 536 198 800 322 252 867 401 
692 634 578 619 156 336 342 226 515 227 
196 421 781 119 545 263 282 892 102 849 
641 33 324 661 159 413 319 563 810 241 
677 266 121 943 171 277 911 809 499 939 
507 481 223 613 761 68 781 109 638 221 
656 867 29 291 90 599 941 138 315 142 
463 938 416 981 377 466 52 526 188 138 
464 589 908 539 890 657 365 136 694 75 
432 473 239 320 913 794 572 695 592 576 
34 817 665 175 109 43 52 380 527 69 
435 382 852 152 48 91 531 562 754 787 
909 656 75 959 723 792 898 616 601 307 
641 471 764 789 583 512 605 485 603 901 
106 298 957 163 177 372 188 703 156 718 

335 447 571 957 372 872 260 249 914 627 
603 405 319 518 305 408 633 772 414 410 
189 964 279 830 1 834 773 370 458 592 
819 511 604 570 950 80 69 52 442 653 
905 660 592 956 955 454 897 556 88 44 
337 226 371 314 44 200 208 11 106 568 
457 853 18 244 538 877 679 275 542 986 
605 650 829 882 178 73 348 199 524 728 
699 679 302 717 644 647 74 631 929 341 
694 928 650 463 455 141 201 583 518 325 
102 507 828 42 737 886 95 866 931 321 
682 413 539 759 365 204 601 234 786 805 
836 665 187 17 205 278 579 186 672 169 
747 318 229 631 401 388 923 64 672 824 
71 195 770 17 463 394 870 541 841 764 
874 858 618 158 359 707 920 802 350 516 
815 611 78 182 804 949 819 401 3 303 
61 740 768 686 470 942 343 192 825 730 
61 805 171 844 819 190 43 711 765 650 
633 721 47 916 47 917 874 239 321 247 
609 293 78 941 727 697 669 970 140 795 
830 770 892 37 557 813 926 695 199 275 
644 87 338 315 567 590 782 596 656 850 
893 784 926 143 828 131 283 86 998 111 
62 569 773 37 134 787 352 427 283 570 

379 257 628 257 50 33 128 863 771 594 
765 89 725 91 154 72 541 551 709 283 
299 828 868 914 974 444 756 264 620 648 
19 742 263 816 654 415 864 68 497 535 
325 127 522 834 755 400 580 950 42 279 
676 368 386 506 870 960 576 973 357 91 
401 284 741 636 819 416 360 2 86 530 
994 367 190 483 110 382 589 935 972 754 
50 933 25 607 52 751 629 865 549 450 
242 702 943 669 681 940 679 361 325 265 
763 989 724 383 861 486 649 141 884 72 
187 652 807 736 763 70 834 93 792 54 
756 2 114 478 237 756 320 605 299 260 
987 406 151 700 575 639 497 569 428 166 
969 412 96 611 984 216 299 13 242 515 
255 446 116 597 846 382 253 26 154 312 
494 327 722 735 482 607 753 686 84 698 
134 626 450 242 356 328 541 973 975 806 
229 689 4 458 447 971 941 92 934 574 
998 309 442 548 74 909 963 646 485 805 
732 219 160 337 840 770 174 995 333 680 
538 695 259 511 500 770 387 5 375 561 
431 256 452 36 374 514 989 767 316 369 
8 844 378 243 761 530 467 964 775 371 
810 311 130 808 4 30 297 326 937 113 

221 693 410 848 901 964 953 889 344 30 
699 857 885 842 87 955 362 246 563 176 
470 177 11 452 367 691 648 285 962 333 
690 249 791 271 973 47 280 598 597 106 
421 994 250 572 225 408 745 145 90 709 
104 215 819 629 567 454 962 998 815 699 
848 264 596 740 491 961 738 539 542 937 
920 507 667 674 79 972 390 110 601 143 
474 22 578 344 167 742 239 45 562 498 
105 690 626 318 968 219 436 768 991 934 
190 943 828 902 699 896 579 665 292 548 
263 115 905 170 144 51 945 29 380 722 
983 606 93 130 217 961 710 852 135 887 
69 759 280 910 351 10 765 897 278 713 
930 817 931 536 15 249 708 440 298 730 
164 355 978 620 637 809 860 687 318 185 
270 852 980 302 885 326 346 319 583 32 
753 173 248 46 933 715 301 2 453 911 
225 117 664 586 931 249 728 441 812 488 
416 529 921 616 244 236 629 481 797 390 
971 835 786 718 815 90 653 269 194 591 
466 712 743 725 776 662 393 552 173 496 
880 622 452 804 871 242 822 223 919 157 
48 389 985 651 370 779 214 838 371 119 
527 981 581 620 651 819 988 367 852 463 

686 832 656 71 234 2 768 675 184 81 
947 634 267 22 776 544 241 708 278 906 
191 559 67 95 140 794 534 230 684 93 
429 567 257 297 53 851 929 883 197 507 
242 81 458 458 982 296 969 617 111 313 
694 710 808 655 446 195 929 386 295 984 
72 769 947 96 320 889 462 244 299 584 
678 210 190 487 747 203 81 363 282 159 
899 323 398 625 816 79 537 194 474 700 
86 134 184 930 94 393 817 601 364 24 
463 311 361 367 123 948 590 638 44 607 
910 106 39 688 111 828 862 269 308 884 
512 265 148 3 948 879 32 683 365 578 
486 232 132 274 800 979 185 102 389 634 
479 789 443 505 402 282 104 222 489 42 
430 936 292 295 432 173 884 531 782 70 
628 187 413 403 148 360 19 158 960 975 
253 488 282 972 641 517 604 200 434 745 
531 751 207 903 500 696 283 957 336 867 
306 73 175 716 672 106 637 922 673 663 
7 118 384 528 780 523 896 950 4 226 
477 59 482 587 648 752 569 595 220 467 
775 944 731 557 852 445 183 637 161 454 
51 599 864 699 229 882 359 420 538 27 
404 65 87 860 895 46 392 261 907 272 

923 774 267 355 586 802 716 39 579 324 
334 222 680 485 577 646 93 869 994 943 
828 317 346 875 978 110 219 696 16 924 
130 232 249 519 234 299 566 664 31 153 
44 222 365 97 416 491 100 40 223 610 
788 674 896 268 352 42 574 495 724 714 
495 814 366 433 910 766 694 512 304 718 
341 130 80 188 590 23 588 127 431 415 
260 720 438 271 341 744 684 869 922 736 
275 43 973 418 951 989 633 683 789 106 
63 349 861 469 978 805 937 248 155 554 
11 533 555 312 233 228 396 720 47 348 
783 48 96 698 995 801 428 235 698 629 
952 193 44 588 553 423 271 155 694 557 
550 579 257 537 781 298 587 115 693 285 
658 927 771 912 539 73 41 747 855 963 
938 229 280 262 614 884 352 169 818 884 
742 644 532 123 95 331 393 550 741 804 
566 942 171 279 985 304 780 328 758 79 
495 885 664 138 459 336 5 797 169 804 
24 64 782 671 333 754 894 740 399 971 
296 469 217 76 523 691 607 232 587 693 
658 342 819 170 45 277 2 47 690 767 
430 879 83 105 185 941 586 920 230 738 
56 194 210 664 550 183 322 746 301 199 

556 111 163 457 614 182 896 226 575 580 
739 666 841 714 141 765 208 184 332 55 
171 378 275 731 15 807 974 938 59 627 
629 788 573 38 533 205 523 887 103 985 
511 688 731 939 713 43 303 577 768 199 
644 631 987 415 860 915 719 663 471 911 
373 412 273 643 755 146 90 67 405 591 
505 532 539 394 462 641 554 585 956 585 
130 660 237 62 699 360 716 113 636 838 
34 907 361 629 405 174 187 483 868 934 
207 137 719 437 559 712 941 847 279 990 
44 858 165 362 684 784 290 649 932 391 
145 57 296 870 657 789 129 239 470 9 
308 508 598 270 958 368 251 986 397 479 
832 915 317 792 275 937 156 238 828 569 
133 993 269 36 569 639 889 35 549 382 
362 459 684 996 606 556 875 586 674 383 
39 283 503 598 38 719 706 728 684 144 
799 923 398 692 537 830 100 377 412 505 
75 209 476 698 369 348 816 508 725 627 
379 593 788 283 221 162 252 291 197 176 
77 611 661 238 387 754 932 260 629 234 
409 336 693 668 669 102 646 39 313 733 
957 412 514 794 727 690 805 552 357 605 
23 776 147 138 956 332 450 535 906 401 

413 63 111 312 888 650 111 279 890 995 
81 989 623 449 486 398 153 598 253 842 
189 540 608 638 60 75 687 476 350 409 
463 989 959 968 650 603 879 960 21 729 
92 56 63 109 914 888 679 413 568 871 
28 57 216 795 356 536 91 21 994 334 
300 470 326 837 292 783 641 505 292 123 
605 72 21 463 393 428 911 729 612 731 
247 960 793 938 192 78 145 655 286 748 
479 605 614 551 357 598 605 793 939 742 
873 291 266 765 355 806 288 233 512 260 
60 280 543 275 390 221 127 208 367 977 
288 29 544 20 954 655 521 183 776 254 
453 550 159 884 25 414 315 887 755 671 
514 385 934 34 998 401 790 651 607 229 
255 136 411 5 396 842 488 726 34 932 
258 966 988 505 57 580 193 426 6 528 
557 713 408 837 89 780 822 46 440 22 
481 925 892 199 481 134 544 854 947 536 
713 357 527 207 70 272 340 866 426 313 
871 772 266 10 974 524 854 55 12 724 
471 473 914 619 905 325 894 840 772 376 
370 712 13 365 803 829 278 394 621 263 
743 83 238 932 470 896 491 803 32 843 
946 985 498 337 286 699 963 508 686 243 

907 75 488 485 227 292 519 362 618 499 
876 360 6 906 220 897 566 96 10 504 
93 274 568 413 863 185 783 325 881 866 
138 608 690 431 432 930 851 174 457 650 
104 927 944 454 338 381 70 484 172 922 
752 869 816 976 177 759 105 849 904 958 
631 251 651 113 101 653 645 57 272 945 
692 5 814 665 757 193 266 984 363 38 
52 565 327 974 581 88 778 804 244 961 
253 299 684 676 11 715 381 847 271 7 
807 447 406 465 125 414 981 474 296 383 
178 570 241 621 963 363 45 6 17 957 
563 92 329 16 127 991 140 706 172 445 
426 980 646 90 804 620 834 585 920 362 
687 605 202 272 200 732 514 172 614 209 
785 167 413 523 112 436 101 902 999 663 
288 890 768 60 566 460 749 393 470 541 
363 109 189 771 527 725 872 90 695 822 
745 423 183 610 39 382 529 662 705 413 
872 343 822 187 776 804 521 894 698 82 
240 661 62 110 84 337 841 252 134 259 
646 999 656 320 859 293 597 875 753 437 
42 279 166 306 565 282 994 625 77 483 
781 554 990 222 190 182 639 995 666 739 
450 630 106 230 161 120 999 838 966 878 

547 859 25 285 674 829 878 49 145 915 
532 824 153 820 370 13 462 582 25 209 
768 292 915 754 48 519 295 751 579 468 
576 90 523 313 525 286 564 738 961 167 
445 339 634 564 95 694 100 967 679 594 
467 935 880 366 71 580 354 173 340 176 
446 871 20 694 305 25 487 229 895 138 
249 752 216 316 149 449 558 144 960 51 
614 750 526 499 957 614 700 760 525 118 
15 3 307 338 896 833 618 214 665 663 
383 306 44 685 403 150 504 312 438 871 
600 610 681 468 544 120 896 977 882 408 
647 762 852 118 519 926 515 561 308 873 
725 196 577 456 36 642 238 837 601 524 
26 252 505 418 529 209 598 640 738 170 
25 342 270 784 527 190 406 11 737 351 
815 682 746 473 508 548 441 531 316 296 
745 949 76 702 155 825 74 174 381 295 
278 490 412 90 909 159 593 945 855 847 
918 453 21 928 22 882 562 813 229 517 
559 80 18 517 548 708 5 291 183 180 
285 717 237 67 145 408 916 866 236 188 
979 950 284 407 389 658 222 613 807 217 
1 356 997 199 237 294 632 815 76 86 
943 160 182 952 832 554 438 564 51 98 

599 599 359 58 318 462 464 323 702 675 
29 314 451 178 580 508 87 7 984 971 
122 108 64 705 387 756 505 91 667 85 
218 253 966 979 569 676 923 570 38 903 
54 414 875 651 938 914 761 92 205 702 
707 387 183 14 306 279 316 537 600 2 
430 624 235 929 933 612 285 735 499 544 
631 433 413 805 514 723 788 490 870 342 
900 797 82 532 229 706 182 927 765 34 
625 814 780 203 967 46 519 457 354 432 
65 71 391 691 338 360 291 42 368 390 
730 375 613 870 800 776 942 579 885 830 
410 183 603 842 331 937 572 279 821 941 
438 149 321 306 590 362 393 868 541 578 
698 377 478 138 646 41 18 448 673 81 
277 198 418 115 875 832 174 966 889 952 
27 941 712 896 351 655 399 508 629 527 
24 658 590 511 176 329 707 798 226 601 
590 951 404 21 318 851 709 68 927 207 
286 662 891 810 260 618 328 375 173 153 
980 965 944 887 42 84 552 853 892 793 
786 725 844 937 565 1 588 500 659 121 
252 665 478 146 578 514 113 683 512 382 
384 448 101 875 966 781 269 652 625 236 
605 96 402 653 66 259 770 18 39 549 

125 16 938 816 161 934 350 356 987 920 
622 546 795 645 544 128 223 738 588 434 
219 354 83 474 344 494 735 983 890 59 
35 62 895 231 231 748 458 85 826 550 
968 715 469 280 493 179 433 210 209 530 
96 212 427 811 117 348 797 693 901 41 
191 874 466 461 359 165 458 114 999 89 
465 169 515 396 820 882 207 862 658 803 
986 384 569 80 57 142 194 663 341 617 
203 468 282 691 391 355 911 597 987 942 
956 389 105 913 176 247 280 207 870 414 
944 903 107 641 632 781 887 81 290 589 
901 836 697 106 642 554 129 973 928 213 
869 94 331 77 992 304 981 29 309 100 
83 738 982 458 432 530 469 320 169 447 
420 828 217 926 325 893 816 270 518 226 
240 63 661 478 358 806 385 39 654 434 
934 297 783 594 60 310 26 534 416 919 
9 347 232 328 702 77 483 809 254 623 
245 942 274 717 978 902 631 650 222 629 
677 372 412 330 382 817 23 142 744 373 
292 124 253 178 258 324 344 918 861 106 
454 97 122 269 822 539 191 797 242 786 
819 703 431 110 990 495 554 639 977 779 
416 527 235 829 181 74 602 222 435 901 

794 962 559 323 634 265 707 775 776 248 
253 781 833 654 881 335 945 892 683 417 
55 945 624 67 667 371 556 676 355 260 
272 463 24 361 26 708 862 355 100 314 
862 237 777 757 236 190 602 665 11 565 
899 109 798 568 897 399 686 325 783 527 
629 918 230 711 314 268 97 52 524 494 
558 927 776 52 755 266 297 252 276 527 
142 748 321 871 720 341 28 559 825 307 
711 842 839 878 516 204 873 42 663 780 
805 237 953 547 201 235 401 1 217 825 
556 779 540 423 858 342 132 956 691 144 
531 605 967 40 317 513 314 660 963 619 
706 270 824 373 710 740 318 584 551 478 
185 766 946 706 522 275 291 641 752 36 
455 151 792 648 286 436 858 266 889 155 
767 557 67 54 922 484 219 712 657 614 
151 430 700 745 876 354 583 342 389 618 
996 612 655 695 498 602 700 71 303 179 
414 769 244 905 368 162 394 907 23 844 
36 890 88 190 167 130 526 826 967 666 
762 632 886 866 424 326 64 716 684 451 
770 762 429 453 166 175 499 879 64 286 
373 304 910 704 420 184 943 197 33 953 
2 269 389 280 497 732 540 696 821 270 

447 682 649 672 673 522 987 818 781 695 
260 630 331 346 255 727 738 691 49 494 
877 448 306 563 992 981 895 205 267 893 
271 313 495 375 758 148 749 841 627 8 
258 799 127 863 869 558 777 34 795 983 
508 683 314 442 31 805 378 692 991 482 
56 302 81 938 929 674 764 806 929 919 
421 537 463 382 625 845 537 686 522 28 
568 350 810 128 792 575 687 742 812 346 
702 96 291 482 279 911 412 934 301 791 
488 538 473 597 742 913 2 889 741 157 
544 12 503 149 202 730 133 765 980 402 
115 987 585 13 386 797 329 539 406 509 
69 546 387 798 960 394 854 564 914 36 
93 252 732 949 305 732 624 684 412 497 
900 43 145 395 807 799 711 824 334 631 
189 779 51 10 474 729 58 213 184 99 
901 744 593 611 965 53 308 143 319 909 
694 104 412 174 560 955 748 754 535 590 
822 888 562 173 632 28 296 969 593 153 
71 770 879 115 667 314 74 513 102 495 
193 849 13 982 541 531 487 293 339 313 
740 756 397 626 625 889 782 878 615 321 
203 135 373 439 809 929 381 911 354 88 
968 504 932 103 581 534 224 854 453 332 

399 960 197 422 379 154 160 368 319 905 
334 253 725 111 449 689 630 728 187 957 
220 308 34 444 378 209 655 14 339 128 
285 582 883 63 445 908 975 291 190 522 
81 314 344 790 482 798 73 604 112 42 
114 692 707 137 683 926 957 474 735 360 
230 406 189 980 285 284 617 492 862 236 
914 607 873 707 189 359 862 173 647 469 
464 240 377 229 39 14 771 443 782 559 
47 17 421 280 768 898 63 141 927 495 
344 81 72 347 183 761 439 706 505 562 
588 303 392 541 787 157 723 116 809 416 
309 786 970 458 22 245 91 156 94 980 
530 423 456 583 178 126 810 934 202 226 
431 891 980 532 216 791 560 10 475 627 
329 487 521 32 960 706 897 712 160 45 
741 422 719 485 551 726 336 588 672 822 
991 711 974 66 886 92 963 613 322 575 
486 510 494 373 793 31 293 43 341 663 
247 1000 700 786 370 111 134 599 887 353 
493 9 660 794 778 826 61 940 254 456 
496 537 529 154 689 944 657 734 857 296 
33 573 450 832 343 631 264 704 395 834 
768 213 913 183 256 170 935 716 172 904 
458 862 273 771 983 583 696 259 976 341 

63 374 675 523 593 502 105 14 454 787 
81 180 434 354 97 988 107 605 519 419 
664 305 554 986 925 82 458 76 546 764 
38 762 269 357 778 881 169 13 124 746 
182 447 750 249 95 381 832 394 10 646 
107 235 326 636 558 329 753 616 298 288 
490 209 713 884 955 798 54 722 353 612 
485 697 291 723 257 632 215 902 122 32 
719 938 741 420 615 339 254 245 324 766 
555 740 680 526 447 149 684 399 478 543 
189 299 397 669 197 679 449 0 836 906 
953 908 835 848 421 891 181 841 709 162 
655 457 668 451 532 508 684 783 284 370 
784 953 968 419 942 941 289 208 410 175 
974 927 473 450 323 619 150 822 841 449 
285 59 704 994 842 554 695 159 361 346 
364 995 949 211 938 110 195 19 291 927 
873 914 9 818 241 812 918 582 318 43 
84 73 419 585 214 200 87 438 197 424 
209 226 72 677 904 809 299 905 82 327 
272 474 492 111 86 772 534 879 760 969 
740 259 470 383 746 773 78 420 546 879 
346 749 165 61 174 121 18 457 486 393 
478 772 14 675 889 625 355 859 629 229 
744 276 910 442 216 545 18 645 160 196 

736 704 315 357 60 129 178 404 340 425 
473 630 2 855 847 10 981 124 634 396 
310 600 601 166 230 420 991 792 991 328 
510 73 783 700 681 855 311 130 110 69 
331 307 797 813 335 335 288 626 693 304 
258 924 221 19 357 242 793 152 614 868 
665 254 281 781 271 670 63 555 178 723 
178 72 892 778 0 470 141 345 560 222 
236 637 406 512 714 433 413 490 210 699 
953 776 537 713 479 928 692 329 967 412 
472 798 608 58 309 907 637 80 611 106 
530 339 37 35 71 479 311 296 10 298 
979 51 616 337 514 961 229 863 842 847 
220 462 646 377 57 549 72 749 630 712 
799 496 788 828 409 304 170 478 741 563 
251 868 945 830 161 667 588 806 208 334 
406 653 98 598 556 538 602 566 492 267 
269 282 403 834 488 534 13 692 981 728 
92 680 51 100 735 505 131 160 231 911 
762 319 416 812 59 575 433 125 752 102 
362 329 587 449 27 535 919 643 85 975 
244 896 322 905 382 157 272 420 298 294 
213 869 603 588 547 60 438 506 74 101 
946 377 897 48 895 619 973 731 622 23 
133 341 624 843 183 446 526 980 96 321 

494 799 889 153 424 711 774 191 484 718 
879 678 986 458 726 624 272 392 691 414 
41 227 125 256 673 495 438 101 733 956 
265 616 842 551 952 222 770 485 581 143 
355 862 27 303 633 903 125 79 96 597 
91 832 113 103 671 560 549 893 111 422 
995 198 794 922 616 814 555 64 465 713 
554 664 676 71 896 793 609 483 543 575 
839 667 557 348 370 519 770 72 873 7 
231 670 84 145 358 569 331 706 388 10 
23 366 885 432 812 28 699 768 667 667 
203 422 698 406 254 185 398 21 707 109 
462 282 946 974 783 384 989 301 649 974 
752 890 385 654 73 76 519 763 649 547 
975 818 37 356 297 940 985 1 31 321 
735 33 942 619 937 346 396 70 580 969 
271 745 174 741 793 170 499 948 132 559 
970 486 689 343 523 462 0 598 774 971 
381 861 352 349 23 252 697 878 537 986 
969 488 602 439 910 428 925 210 496 74 
731 951 1000 205 632 3 392 175 270 793 
851 991 718 64 580 37 239 412 314 845 
196 90 600 781 49 356 263 195 720 256 
398 515 267 908 554 340 981 997 953 206 
497 898 512 442 769 582 224 91 79 133 

158 936 475 254 888 717 937 998 944 231 
938 46 24 104 122 782 733 589 976 635 
470 418 160 458 885 117 820 82 842 461 
492 240 255 815 844 90 868 669 171 719 
906 578 105 791 113 30 237 114 514 198 
488 294 264 216 704 986 235 767 365 483 
504 764 488 479 653 518 761 30 571 907 
787 778 611 921 806 599 540 332 956 400 
827 518 797 837 7 341 961 945 766 162 
165 392 793 569 941 486 526 668 927 584 
774 71 820 684 196 410 27 482 943 111 
889 664 999 841 63 121 229 708 877 176 
505 496 242 628 461 469 725 25 683 944 
703 929 516 676 914 755 493 969 285 463 
781 28 111 516 80 6 298 232 965 577 
170 944 386 655 182 78 80 508 915 814 
412 203 691 252 256 573 458 843 334 981 
129 270 742 814 989 940 119 611 980 778 
359 726 165 854 748 323 181 394 699 122 
216 725 583 234 277 516 522 901 367 460 
184 643 761 832 75 106 177 426 510 508 
161 965 124 293 739 515 322 556 962 545 
82 768 638 433 605 551 478 198 910 346 
952 489 811 847 723 611 142 947 44 950 
937 107 618 14 710 229 886 404 821 942 

669 509 264 802 733 902 900 156 303 684 
601 606 701 770 378 385 91 683 95 99 
187 163 856 168 478 990 913 553 190 570 
147 997 866 497 666 94 249 241 661 913 
921 779 716 236 233 336 997 443 131 6 
515 173 853 232 411 326 293 244 285 308 
180 423 826 559 806 890 712 833 112 149 
370 323 396 986 75 268 914 18 303 388 
50 16 389 4 262 320 599 149 599 63 
65 875 910 513 658 529 553 225 878 438 
45 300 474 77 772 194 522 286 324 399 
98 385 514 797 111 931 357 250 306 762 
189 920 482 857 831 131 930 318 516 614 
397 316 130 556 281 60 191 579 933 192 
210 48 80 807 785 456 322 887 736 64 
533 24 549 579 857 472 255 746 878 725 
34 361 192 216 524 198 360 274 743 433 
237 537 660 778 760 680 797 800 702 286 
674 947 551 605 900 1000 569 647 804 877 
235 655 552 951 205 981 547 929 748 295 
690 306 528 93 517 0 593 75 931 317 
659 148 984 584 763 251 222 983 243 222 
789 686 142 12 544 824 673 864 877 707 
211 579 50 1 919 342 700 789 859 76 
446 5 3 36 480 486 376 432 71 960 

627 472 87 885 647 572 533 581 251 970 
430 877 494 251 80 748 658 904 726 875 
792 153 720 478 960 824 976 573 424 906 
989 265 934 421 590 691 803 59 719 579 
599 576 989 234 438 160 733 885 401 16 
314 809 35 169 307 455 852 558 884 54 
903 992 443 541 275 189 398 851 596 198 
543 498 617 207 627 214 94 267 550 840 
147 674 788 350 991 491 878 818 591 552 
45 645 595 141 615 594 388 627 730 534 
357 974 953 291 317 332 488 16 724 736 
95 707 844 728 639 389 815 548 835 997 
976 219 462 460 611 740 975 836 339 987 
190 942 733 952 430 472 126 990 353 501 
301 231 517 865 15 224 446 847 259 407 
577 12 993 589 874 960 760 94 700 137 
303 316 876 642 491 188 610 689 453 753 
722 264 471 774 685 798 67 475 225 216 
777 179 574 759 574 607 957 228 984 556 
878 535 870 181 840 71 381 661 575 255 
286 30 512 750 268 456 61 339 620 434 
781 130 994 295 640 106 517 366 686 209 
649 339 854 799 382 280 120 278 29 109 
493 299 396 794 832 984 626 528 885 400 
215 172 234 21 454 785 227 400 90 628 

557 952 949 495 382 542 557 79 794 170 
789 997 522 396 263 973 143 139 484 61 
569 237 167 795 395 501 748 430 810 386 
143 720 909 155 540 420 678 679 314 536 
132 849 327 893 853 607 766 722 238 294 
782 989 172 478 840 554 839 554 270 394 
846 189 108 488 744 221 467 44 239 111 
502 251 775 359 576 412 312 973 234 832 
902 406 253 172 10 736 246 553 51 35 
812 366 119 147 993 932 195 910 83 541 
234 961 304 756 613 869 331 653 111 772 
829 260 860 423 837 458 548 105 386 180 
539 307 769 930 953 928 957 691 466 555 
34 223 522 791 11 140 264 717 814 379 
575 828 781 193 246 866 402 606 397 974 
347 874 19 151 35 179 800 399 748 335 
142 354 105 938 532 296 168 318 763 580 
839 713 447 229 963 767 215 750 432 141 
143 357 595 360 559 487 168 760 805 775 
330 805 859 966 373 540 166 299 334 303 
781 794 919 425 978 735 578 301 370 881 
175 310 747 248 523 561 686 972 488 339 
460 483 277 680 677 364 823 634 885 551 
337 478 624 507 168 477 125 998 298 141 
124 305 730 18 476 435 139 66 204 292 

821 242 595 888 365 204 138 217 655 321 
540 787 141 675 386 283 849 509 744 173 
462 969 70 938 374 404 709 757 102 299 
312 361 19 227 300 229 289 567 609 984 
228 335 36 992 557 564 982 73 418 981 
370 560 970 816 236 47 401 224 687 605 
139 565 408 837 819 680 667 289 321 60 
38 610 474 774 889 434 66 753 751 999 
194 496 894 539 740 598 246 35 854 98 
260 275 653 640 220 300 602 228 497 611 
743 627 902 996 850 976 788 721 546 582 
433 792 225 788 944 525 162 537 808 407 
128 924 971 255 969 724 64 114 845 246 
93 389 847 465 242 940 391 635 4 14 
884 787 0 372 889 75 387 662 42 146 
106 403 43 858 484 448 374 592 64 342 
683 43 757 550 400 930 730 676 51 493 
298 436 880 959 695 949 74 235 21 339 
461 91 256 860 855 427 326 938 849 42 
455 914 994 800 390 940 414 415 196 972 
974 193 345 892 891 58 92 492 327 126 
985 854 406 364 90 250 140 387 678 274 
471 858 895 731 620 239 859 749 532 939 
173 441 429 730 888 196 746 504 974 165 
801 500 462 547 572 950 456 43 746 220 

840 933 88 171 176 592 12 654 499 776 
643 555 328 415 51 113 891 157 95 702 
946 337 713 397 443 937 302 977 802 838 
684 471 810 67 4 531 744 709 424 254 
121 201 32 403 89 432 485 885 476 326 
148 257 457 299 255 687 155 289 803 693 
406 346 643 793 23 264 615 201 577 768 
396 363 538 579 982 280 951 524 178 912 
331 638 147 524 19 970 526 373 28 623 
428 175 129 295 70 890 595 214 217 473 
245 858 194 90 967 150 208 120 53 343 
159 735 385 972 602 545 503 455 427 345 
125 183 950 187 871 981 422 415 140 92 
357 708 735 774 389 724 176 743 87 29 
197 846 431 704 432 905 74 355 341 307 
112 164 785 107 512 87 378 794 623 794 
597 508 303 965 379 901 983 598 116 81 
6 609 92 356 497 695 351 301 264 641 
479 108 742 233 607 157 550 790 952 880 
555 853 475 83 371 466 730 918 341 466 
20 975 988 713 888 499 884 823 699 477 
135 267 789 826 326 851 838 826 543 481 
183 871 76 846 375 356 43 138 492 133 
424 907 533 876 390 908 199 794 297 477 
268 288 58 693 966 347 859 376 910 587 

818 365 678 200 455 240 594 68 423 562 
729 618 451 205 633 319 525 915 523 626 
283 786 879 828 280 623 854 461 516 309 
597 429 657 967 978 137 863 573 990 518 
676 16 410 919 372 852 318 971 687 989 
32 885 40 753 313 20 921 790 807 298 
929 919 867 990 275 262 233 44 294 790 
990 786 443 733 980 441 948 995 123 351 
394 535 802 140 182 59 24 761 211 863 
231 636 607 188 809 545 221 668 631 444 
402 426 174 998 680 940 669 265 9 165 
680 160 894 321 850 372 838 627 279 923 
850 884 556 489 719 146 956 739 471 437 
164 841 32 821 18 896 756 892 280 307 
0 86 329 351 697 133 672 109 779 170 
364 727 509 602 29 432 579 463 981 210 
591 907 256 47 391 922 58 648 617 988 
811 265 796 104 417 377 83 371 523 905 
916 313 254 995 910 426 764 851 668 735 
155 972 619 198 568 850 565 362 458 156 
823 260 143 913 606 710 72 373 314 538 
512 10 974 50 311 4 294 877 281 460 
714 546 438 471 295 897 158 134 792 540 
645 613 59 810 264 247 962 155 845 361 
369 651 274 348 464 79 944 38 435 164 

495 554 563 946 299 556 83 291 385 822 
957 28 849 72 821 542 636 430 815 335 
462 428 618 400 838 368 70 664 891 368 
312 731 932 992 872 728 896 202 660 69 
740 960 780 176 582 376 408 186 965 171 
815 180 652 629 427 20 776 635 482 626 
876 102 359 61 100 563 430 121 895 925 
467 594 800 367 464 66 422 644 607 73 
335 4 530 539 820 583 910 426 697 145 
988 322 122 949 660 256 320 344 230 585 
143 928 348 403 804 158 653 344 867 912 
781 165 364 782 391 493 121 532 866 89 
2 367 27 726 357 789 828 439 125 74 
121 34 284 752 761 828 317 824 700 69 
259 920 280 545 895 375 246 937 44 246 
146 815 147 652 129 774 686 702 739 946 
850 398 690 732 850 30 647 315 215 379 
451 151 488 35 424 620 577 381 84 850 
958 365 708 355 995 341 780 961 974 433 
80 603 21 413 218 20 922 817 67 769 
851 295 166 626 912 13 634 142 56 656 
390 528 427 210 799 88 21 51 654 492 
774 572 533 894 648 622 33 281 428 580 
962 594 612 141 468 564 459 102 79 399 
355 365 614 794 862 87 648 872 79 610 

301 408 670 916 373 767 975 833 321 955 
946 462 778 768 325 162 638 910 555 23 
181 742 951 659 577 862 795 647 759 902 
103 379 310 342 300 69 669 177 623 61 
493 751 726 341 15 850 492 7 170 650 
363 780 11 345 174 575 462 893 581 579 
634 432 561 83 873 703 712 835 923 351 
427 850 386 173 153 370 800 872 805 460 
400 547 654 540 48 943 766 319 875 651 
501 393 180 507 354 271 630 590 811 874 
612 190 636 31 70 315 141 929 608 771 
205 937 438 725 393 577 945 287 535 890 
870 541 907 416 987 383 953 489 453 935 
132 388 82 855 279 634 839 964 322 398 
838 743 55 264 320 449 528 987 530 468 
233 153 226 273 693 370 680 987 565 435 
629 975 756 198 544 239 341 194 563 493 
115 981 378 803 238 357 145 351 165 308 
670 383 606 134 749 38 112 796 404 96 
898 211 422 181 342 837 360 346 562 782 
739 338 546 898 170 851 675 14 708 276 
525 396 233 788 104 281 723 335 842 5 
153 921 774 151 614 528 344 4 172 935 
281 566 801 780 157 842 35 574 703 864 
227 121 344 160 9 635 687 557 244 399 

348 352 914 287 374 816 687 181 662 533 
959 424 66 515 796 182 23 154 849 986 
786 14 948 555 157 829 432 986 261 615 
182 194 223 770 922 623 390 354 641 491 
213 166 859 874 734 250 128 253 713 389 
661 191 301 171 792 336 20 192 499 735 
390 525 944 818 863 405 658 473 723 421 
100 653 491 811 761 842 397 566 40 903 
53 147 375 644 804 803 390 715 283 62 
285 382 245 187 576 159 361 546 49 576 
913 308 435 23 163 739 663 30 156 779 
511 346 514 602 266 845 471 559 106 997 
582 101 612 955 489 29 692 487 934 418 
711 611 598 70 715 14 918 25 584 747 
570 57 549 810 399 918 844 131 12 182 
594 214 2 190 94 893 971 932 651 422 
80 524 36 224 903 375 921 579 614 724 
781 668 751 415 36 22 607 713 210 21 
952 75 23 47 648 580 279 308 21 74 
291 38 245 48 642 175 537 26 43 782 
988 820 914 569 163 593 549 304 133 532 
966 779 147 711 227 418 309 235 996 381 
523 876 240 96 787 791 894 460 454 835 
456 657 58 632 303 31 845 737 433 578 
559 497 103 868 725 870 569 483 265 338 

440 753 464 548 82 235 599 32 860 121 
746 818 749 680 231 947 673 279 981 386 
16 716 76 573 150 448 72 329 686 949 
253 162 968 923 541 632 56 782 371 412 
155 176 174 301 310 753 177 710 273 343 
829 692 375 65 123 390 112 333 587 359 
170 982 689 125 138 196 115 337 413 685 
811 626 879 602 377 695 89 647 567 847 
407 159 608 635 45 558 767 536 616 22 
788 632 742 25 888 975 931 865 936 306 
950 11 312 586 47 375 18 117 448 724 
988 285 559 571 77 104 308 664 152 979 
72 612 847 643 231 424 916 848 240 841 
29 865 145 355 131 323 380 914 10 701 
960 570 686 660 734 11 256 801 985 907 
779 551 357 519 743 721 301 907 589 968 
378 324 974 637 294 173 700 870 85 316 
288 902 710 56 467 962 788 585 374 749 
931 695 215 168 620 321 643 430 265 567 
160 298 239 856 109 227 760 341 54 69 
588 643 929 22 510 71 100 222 178 149 
679 560 414 57 460 87 30 631 961 525 
523 628 145 621 857 929 42 362 522 280 
394 27 928 170 436 557 528 872 571 633 
78 97 951 532 918 269 826 823 263 911 

623 351 581 287 956 70 582 99 257 217 
566 418 402 698 566 341 789 578 578 34 
49 303 318 634 637 849 472 271 492 1 
477 444 94 963 391 797 924 632 527 250 
211 123 774 85 870 825 868 701 383 124 
85 371 393 120 379 969 101 309 641 181 
13 527 189 665 861 523 995 539 569 16 
321 272 46 898 322 426 171 911 736 236 
208 260 636 589 666 519 184 739 913 187 
848 659 337 671 135 293 760 713 391 690 
448 756 921 346 436 840 255 965 775 289 
990 602 314 957 25 574 650 881 318 26 
795 122 424 977 663 810 9 775 755 884 
132 295 91 757 631 956 580 292 885 813 
856 529 866 254 755 660 657 916 493 872 
742 995 443 845 432 364 927 678 112 993 
459 74 359 595 736 312 576 583 789 79 
707 195 545 212 361 115 661 524 945 896 
641 188 462 608 10 70 531 691 550 711 
714 685 215 868 390 380 309 418 875 34 
94 601 931 41 524 627 249 401 746 43 
882 891 734 88 206 623 261 488 149 777 
654 447 782 771 264 814 791 551 228 98 
374 861 151 537 262 236 763 230 394 303 
344 20 404 986 184 59 893 916 236 837 

55 946 150 125 47 361 1 159 537 528 
599 115 212 770 379 41 426 266 953 294 
248 170 476 37 10 784 387 956 963 896 
573 820 477 117 826 529 224 935 114 852 
233 801 204 401 233 551 855 181 713 351 
239 44 619 79 99 458 178 295 11 713 
262 147 537 914 402 628 479 700 749 580 
231 878 540 67 456 375 432 47 560 341 
701 407 119 453 530 641 759 973 876 681 
552 241 470 528 126 914 625 129 269 989 
264 274 758 240 406 768 574 245 800 94 
128 96 280 465 584 188 948 370 958 469 
143 238 634 705 830 707 70 538 337 590 
43 99 475 72 861 876 64 300 985 885 
727 526 177 169 120 83 550 878 745 129 
144 233 393 414 413 853 902 947 467 522 
86 203 27 969 673 678 664 960 596 978 
814 912 90 128 836 278 745 137 619 28 
582 386 193 552 182 246 219 864 956 395 
739 94 486 648 18 825 17 851 262 51 
774 952 688 324 331 451 253 935 864 233 
32 908 840 423 84 912 747 981 27 436 
230 216 976 487 874 106 679 1000 10 584 
485 314 50 888 290 301 80 919 870 25 
653 70 673 940 906 241 20 458 752 147 

6 492 1000 852 570 964 70 616 337 581 
499 750 42 392 227 743 612 611 932 491 
866 631 771 638 670 940 120 497 588 650 
164 641 829 605 389 931 327 564 865 375 
892 454 625 622 24 825 365 891 9 898 
171 587 415 192 59 323 824 697 670 136 
610 904 85 437 351 973 506 585 775 281 
987 432 510 75 0 34 731 825 974 225 
337 171 868 299 870 620 215 61 828 888 
359 429 292 811 272 807 570 394 544 125 
61 916 872 955 82 754 423 708 334 19 
930 765 315 890 972 463 656 81 281 955 
102 116 513 276 916 2 268 946 464 216 
556 759 348 714 245 544 52 365 231 726 
965 447 982 283 794 874 146 505 632 599 
314 998 581 263 640 727 151 162 0 618 
124 396 472 178 939 26 363 449 580 145 
826 326 876 667 509 259 897 660 288 661 
664 875 30 198 211 402 286 246 431 876 
792 718 682 268 627 97 8 950 81 411 
756 607 326 777 310 698 309 196 278 474 
705 605 698 41 334 62 861 92 488 253 
864 697 322 328 865 840 825 251 419 49 
990 874 173 583 323 832 199 1 520 514 
660 38 277 811 853 257 369 942 849 663 

961 337 576 627 85 595 131 750 662 391 
118 721 983 718 229 589 833 56 588 750 
749 916 973 194 776 876 293 361 595 485 
271 855 298 528 536 720 753 704 503 371 
624 166 113 609 772 533 818 194 240 646 
118 160 241 240 618 597 431 243 117 36 
704 48 820 213 735 639 138 583 233 348 
432 600 259 357 706 200 162 927 365 573 
678 683 632 820 357 103 301 341 410 326 
495 179 922 939 540 643 216 759 521 932 
936 425 885 801 639 941 825 815 937 129 
82 491 39 922 313 27 176 121 191 411 
413 195 700 527 893 963 514 816 11 331 
828 473 904 69 80 406 581 731 967 393 
984 910 183 661 834 265 887 617 37 398 
445 87 724 889 894 961 741 587 728 372 
643 368 198 928 940 597 832 801 956 465 
165 448 524 637 310 364 908 732 351 618 
277 57 741 281 160 98 606 882 149 534 
664 370 536 340 431 267 752 446 168 343 
73 210 709 155 927 636 683 601 921 753 
77 472 817 593 760 612 728 19 86 335 
333 90 546 708 800 521 835 653 316 138 
483 189 93 16 741 288 257 497 137 293 
393 315 879 268 175 165 700 124 543 809 

413 47 50 202 811 398 414 469 216 703 
967 52 206 187 536 206 435 985 71 802 
736 801 360 815 365 344 890 32 747 413 
290 47 84 376 906 145 365 112 213 289 
205 766 293 379 359 644 280 104 806 579 
455 817 989 450 905 597 405 933 508 728 
511 760 231 958 809 76 166 415 162 133 
695 941 789 498 515 308 635 121 24 312 
425 303 39 828 16 968 389 17 278 125 
945 249 992 345 780 178 96 167 182 608 
624 500 402 722 62 976 911 668 35 426 
783 568 889 773 76 843 468 69 124 609 
309 802 241 211 498 201 476 580 397 300 
721 230 403 189 54 162 381 997 984 396 
335 435 100 784 744 991 134 875 435 443 
183 443 898 629 996 923 29 90 164 648 
848 607 144 295 552 18 18 218 76 174 
797 414 32 488 615 703 651 698 710 400 
543 254 10 93 702 881 790 584 808 859 
495 418 321 895 164 894 241 709 665 180 
523 159 642 546 563 377 331 549 69 955 
975 930 762 589 175 451 377 732 638 564 
459 92 995 759 917 907 60 381 818 860 
481 425 557 791 985 897 551 824 919 579 
797 289 448 154 399 607 683 435 787 867 

164 949 500 968 967 212 365 554 348 471 
886 217 372 976 240 863 927 454 599 54 
86 659 227 209 366 292 14 204 84 493 
250 322 125 544 745 850 364 995 700 58 
112 30 464 983 627 182 934 7 761 978 
888 79 752 866 59 793 264 818 573 338 
746 823 635 92 762 693 740 753 731 351 
508 816 338 412 803 426 662 67 275 617 
152 817 668 994 270 250 432 773 996 490 
494 202 224 104 371 850 313 161 861 232 
597 311 915 354 346 43 859 462 945 48 
141 224 998 812 669 769 178 316 91 51 
998 463 158 9 787 582 354 235 740 367 
435 575 875 271 867 674 248 371 296 23 
827 650 775 366 773 488 190 150 968 656 
893 827 924 154 909 695 16 440 122 786 
323 874 970 850 121 853 148 933 902 789 
272 87 358 566 526 827 117 276 949 780 
705 327 86 390 772 58 450 524 17 647 
560 256 563 212 667 405 553 186 639 76 
538 594 137 131 474 463 155 152 400 390 
395 560 873 301 502 144 820 416 206 114 
937 313 472 138 830 875 545 539 100 424 
833 554 254 121 233 457 24 980 190 840 
482 846 758 530 886 573 784 420 525 503 

314 583 661 544 898 385 112 108 337 782 
52 483 520 806 635 451 284 349 420 549 
751 769 25 591 361 894 21 522 202 607 
49 155 359 734 748 821 217 837 745 489 
935 339 946 595 157 759 481 550 884 676 
606 494 960 373 897 959 483 623 636 559 
811 557 157 775 569 767 154 170 736 409 
78 461 919 16 986 632 515 926 832 66 
357 516 228 1 474 86 512 519 586 147 
832 157 531 88 812 612 136 923 471 412 
477 677 966 479 515 91 79 84 173 955 
446 827 268 972 237 19 889 861 289 296 
930 574 487 496 200 778 808 600 352 607 
72 343 819 244 315 286 382 363 558 441 
495 961 396 19 707 116 572 698 278 225 
662 450 982 492 790 982 16 904 448 663 
711 965 279 234 538 546 269 360 854 194 
594 727 875 997 450 866 303 173 381 308 
592 243 719 76 320 241 367 901 814 303 
963 345 388 173 833 358 987 679 152 544 
476 608 553 613 505 225 61 410 109 519 
500 661 472 666 678 240 657 671 640 553 
668 155 543 208 325 39 323 316 441 727 
564 682 16 992 886 471 226 631 676 847 
820 78 861 573 471 993 657 548 583 138 

