250 30 30

299 624 401 671 371 232 574 364 448 479 
666 509 643 237 569 499 322 264 209 657 
537 567 432 719 493 607 495 501 479 171 
495 311 541 395 176 203 280 455 406 791 
408 300 376 675 468 609 338 509 478 369 
403 339 410 684 414 234 689 551 461 404 
517 191 540 344 320 581 560 324 525 610 
516 695 433 447 285 353 366 357 658 465 
665 656 214 695 538 177 529 365 234 515 
653 389 659 569 450 221 543 545 431 212 
380 601 357 779 494 378 373 607 323 300 
377 443 590 237 439 352 419 696 211 283 
440 700 365 686 295 493 446 495 229 210 
336 582 292 685 691 334 405 368 310 321 
375 499 277 715 649 707 668 679 226 592 
838 747 546 364 737 374 576 493 141 234 
324 485 442 348 400 711 414 537 468 596 
437 447 614 426 367 414 391 356 566 622 
133 548 629 687 581 571 388 577 256 161 
623 440 276 489 506 716 560 444 723 618 
440 378 300 434 530 235 476 539 495 351 
318 458 271 780 322 638 412 595 519 608 
325 381 703 668 342 256 408 395 743 276 
246 647 715 247 483 395 550 443 533 494 
184 592 405 612 620 484 481 354 336 369 

92147 92794 91975 91883 98312 94566 98569 98000 88306 93844 
94754 92506 95837 88783 94032 89130 94857 94608 92477 89890 
95735 97517 92984 97062 93320 95538 94063 93729 94358 91877 

94391 93199 92717 88556 93933 90841 95749 98677 91408 90853 
88333 95264 99003 90320 99119 93429 95075 89615 96814 92495 
94724 89454 90992 94415 87827 94958 93957 91968 92622 95270 

427 968 111 131 397 565 906 27 371 339 
329 456 338 570 848 992 198 522 131 836 
455 255 805 284 628 25 768 331 208 777 
175 347 759 619 389 190 359 78 948 849 
743 76 669 193 904 930 506 786 37 743 
173 267 276 116 23 396 498 480 559 643 
552 656 696 761 296 880 913 271 229 724 
260 607 117 254 598 325 240 917 328 410 
198 578 857 124 537 354 106 231 23 434 
943 210 686 70 385 9 478 927 900 150 
720 840 825 599 583 663 123 349 610 76 
457 401 919 315 792 663 863 689 239 680 
243 640 471 393 402 331 273 837 184 320 
45 562 366 833 795 534 668 785 500 721 
334 718 742 943 489 626 834 939 236 450 
541 973 943 843 640 583 620 823 256 99 
272 380 133 45 600 951 723 703 411 555 
538 464 164 763 430 100 868 176 390 201 
1 35 764 991 113 170 33 365 852 699 
935 836 340 346 963 396 142 978 96 576 
758 132 829 331 372 667 473 351 760 780 
188 497 790 150 597 262 258 973 787 659 
202 254 77 663 966 914 120 146 376 538 
267 970 235 63 748 570 893 494 920 521 
845 246 669 138 435 338 128 193 90 828 

285 345 902 320 82 382 932 932 739 853 
510 96 827 349 740 881 223 228 489 613 
290 545 547 766 896 165 288 679 612 305 
760 464 232 334 239 265 287 134 767 240 
508 806 576 650 465 824 983 812 735 546 
279 695 736 312 498 524 182 882 597 629 
241 998 702 831 347 267 631 601 428 946 
976 598 132 93 502 42 340 620 581 766 
779 100 974 20 345 286 305 161 622 625 
434 413 840 87 555 571 670 48 620 609 
176 792 269 759 98 297 39 415 708 609 
198 577 867 425 648 404 606 347 322 235 
864 457 766 861 400 501 935 243 490 148 
808 640 835 921 103 90 447 963 69 754 
298 774 403 836 368 555 963 503 174 486 
340 228 573 475 851 343 850 48 665 631 
182 696 921 885 182 69 678 719 770 971 
295 345 470 748 42 520 130 319 945 510 
105 576 662 611 268 270 608 66 749 183 
83 208 603 156 281 611 320 779 634 694 
675 624 548 318 286 43 172 595 320 512 
208 759 160 137 570 545 414 699 244 311 
129 475 963 900 464 487 566 383 594 780 
587 519 323 563 718 336 677 51 57 415 
122 492 497 820 963 568 550 108 330 346 

633 660 351 140 363 557 190 610 49 74 
979 144 433 387 890 388 355 439 504 811 
240 91 273 812 612 636 72 150 67 606 
353 363 701 307 15 273 241 482 828 13 
594 933 619 590 972 176 639 730 69 667 
801 475 171 887 828 592 18 455 218 43 
330 494 370 93 273 210 352 852 838 203 
906 911 961 975 59 487 284 456 82 950 
58 668 1000 845 345 59 556 911 465 366 
62 287 753 988 286 449 462 171 762 731 
602 400 505 785 198 824 546 547 656 787 
516 440 187 699 236 599 162 247 848 882 
834 224 134 569 497 688 324 535 42 597 
46 414 958 210 256 611 249 872 425 666 
354 879 556 856 609 247 741 530 69 84 
577 113 365 260 898 457 930 186 724 22 
614 433 939 750 304 992 808 397 650 655 
280 851 617 901 603 581 370 711 988 846 
956 121 934 475 657 780 753 633 164 995 
511 79 138 925 345 539 553 26 128 878 
529 710 325 455 892 710 72 32 575 494 
545 98 685 366 127 873 368 87 499 423 
287 314 260 834 630 163 33 621 521 280 
201 823 142 180 410 781 909 617 931 120 
456 601 682 23 98 515 685 171 817 630 

569 36 595 799 100 750 538 74 779 323 
304 178 794 495 801 281 855 942 834 390 
701 791 373 345 74 700 9 488 383 32 
612 159 99 560 896 562 406 716 366 122 
918 14 974 600 228 424 713 533 611 2 
44 717 918 482 742 879 326 91 980 126 
86 81 256 964 391 498 670 403 643 188 
442 611 258 246 42 115 373 400 680 296 
30 369 428 743 668 596 339 890 680 570 
777 187 137 510 847 708 615 931 909 579 
290 117 758 150 776 450 302 978 120 943 
556 235 401 98 80 66 826 99 67 674 
312 858 913 425 969 238 71 55 179 354 
348 496 611 185 130 954 79 171 985 133 
907 606 863 316 948 358 73 976 45 224 
656 599 797 858 108 279 797 915 978 814 
586 145 165 556 655 637 197 238 480 601 
298 748 190 205 711 117 989 733 223 448 
303 395 193 34 879 283 826 110 621 754 
974 559 277 558 511 78 789 148 497 132 
922 43 427 911 514 820 502 517 855 150 
554 146 824 371 125 257 239 797 971 732 
690 934 525 708 627 729 817 607 630 724 
388 764 749 986 66 167 902 723 834 701 
431 186 834 959 151 105 494 86 188 407 

727 419 340 661 525 748 644 676 420 837 
881 102 824 100 778 726 585 747 466 289 
828 459 847 833 39 461 844 349 466 872 
207 770 718 362 457 640 623 471 273 829 
937 458 959 746 651 182 457 279 862 107 
335 854 500 121 631 426 121 150 248 583 
499 575 711 190 312 513 412 839 667 277 
857 965 190 309 671 687 543 889 865 700 
754 855 653 484 690 854 710 182 776 977 
795 318 711 228 517 315 317 672 890 721 
561 334 677 971 212 454 770 918 994 869 
786 766 94 55 419 41 366 362 412 965 
907 118 163 330 47 165 608 440 588 167 
901 783 33 187 644 456 548 645 863 695 
397 914 173 60 920 996 345 654 88 493 
770 519 932 901 51 125 579 564 368 510 
655 711 933 17 707 147 606 68 180 90 
806 305 504 816 377 351 17 884 232 178 
8 327 215 235 170 879 8 237 436 368 
350 348 21 775 561 910 31 134 580 870 
373 918 776 765 588 976 382 519 377 385 
663 734 870 321 44 618 524 58 836 931 
872 433 809 892 933 215 377 983 581 372 
214 344 295 711 196 891 887 864 413 324 
504 82 7 474 314 234 792 819 500 832 

351 271 736 80 866 492 617 879 758 716 
757 157 859 311 162 511 579 458 394 258 
558 173 342 551 647 278 36 898 628 335 
952 120 456 48 772 539 808 844 503 999 
632 924 86 858 499 478 862 278 684 507 
997 773 536 355 579 521 287 57 91 217 
887 614 105 994 71 319 244 812 628 293 
304 104 709 848 922 146 823 963 794 962 
592 878 943 562 307 270 879 943 416 452 
433 399 537 912 1000 447 901 171 847 970 
181 599 869 800 255 296 975 301 150 231 
800 668 398 370 306 383 696 965 113 688 
538 135 300 29 251 668 579 462 201 886 
335 693 259 98 860 225 782 803 87 907 
200 162 231 957 750 584 285 534 462 369 
667 854 244 273 62 921 100 435 67 942 
244 846 51 197 591 542 614 434 889 939 
920 84 398 747 414 844 81 80 672 918 
766 58 132 457 838 67 445 805 325 181 
128 17 389 91 234 3 305 330 979 172 
193 229 500 561 800 627 887 33 607 218 
82 743 167 719 75 735 249 445 771 640 
333 681 170 967 245 999 950 5 159 438 
475 869 861 772 673 136 165 554 160 916 
94 853 797 521 697 690 274 82 884 598 

718 531 933 432 345 294 435 672 86 637 
852 796 670 183 77 390 184 915 349 927 
723 342 865 570 383 604 717 184 247 112 
471 751 559 348 100 738 477 423 439 710 
961 634 781 906 804 689 578 404 370 73 
449 795 574 846 717 520 538 649 595 764 
259 899 523 88 926 341 979 854 438 539 
986 747 648 340 444 457 629 419 651 166 
389 626 424 782 387 419 308 281 316 919 
26 940 551 434 800 592 275 757 881 613 
4 673 355 909 420 404 41 712 336 93 
601 523 298 127 171 463 576 743 310 531 
366 678 178 569 33 166 917 744 727 988 
286 495 230 385 75 821 299 776 939 120 
863 655 515 820 441 966 985 527 838 954 
410 142 929 102 620 386 898 997 738 520 
687 426 307 396 150 388 529 138 742 250 
906 473 657 202 569 201 826 609 98 6 
5 338 848 252 371 599 319 9 314 753 
912 928 926 71 759 555 235 616 350 13 
29 457 111 979 837 53 420 1 517 359 
375 348 725 713 185 795 885 954 411 699 
889 481 174 471 875 532 859 93 700 391 
953 862 264 29 658 957 269 448 812 125 
473 520 616 648 782 741 996 899 791 254 

969 371 743 149 973 382 718 648 222 545 
739 328 842 829 215 510 585 608 791 619 
968 205 480 309 788 347 776 616 874 262 
465 890 465 511 204 949 612 460 71 635 
400 560 286 891 234 857 938 445 31 780 
757 182 968 136 913 940 259 300 211 913 
730 306 947 633 2 560 344 994 411 467 
373 781 346 434 486 304 201 619 617 217 
601 200 421 746 141 79 507 239 334 709 
871 201 493 952 565 480 156 534 675 82 
475 425 658 678 180 807 692 711 62 819 
796 49 305 709 856 606 598 690 128 333 
180 724 980 966 410 919 79 344 368 864 
988 239 692 390 85 759 189 734 534 177 
457 656 611 704 551 795 270 977 539 888 
463 422 438 305 737 386 745 656 1000 138 
549 863 749 176 500 148 869 990 61 920 
85 757 43 59 558 547 450 361 920 302 
878 91 791 546 379 829 624 860 315 107 
506 613 940 955 933 293 126 281 891 949 
421 645 393 195 27 292 956 251 210 120 
500 706 148 744 521 282 443 552 23 476 
952 248 900 129 788 980 491 911 575 565 
320 747 292 140 482 155 401 274 255 793 
512 736 683 6 599 562 886 813 7 378 

600 474 38 318 237 582 437 121 585 108 
410 346 218 337 99 214 352 989 942 262 
261 988 435 216 653 707 334 447 12 91 
78 323 457 855 280 286 543 173 168 978 
117 118 972 462 474 509 969 91 515 810 
210 8 608 724 460 986 497 536 938 640 
852 212 601 514 212 769 859 151 360 708 
197 497 201 92 391 713 104 825 894 874 
155 344 84 223 286 193 234 43 121 373 
314 109 414 272 919 31 151 826 49 642 
361 301 603 572 923 942 579 237 717 220 
339 12 736 313 460 188 417 427 342 342 
100 90 919 317 906 207 545 764 379 857 
370 55 579 367 938 908 652 964 767 360 
511 398 632 905 393 357 19 911 175 763 
999 409 986 479 224 761 56 562 926 783 
368 78 429 878 636 162 387 624 892 447 
667 211 279 671 268 528 776 338 224 896 
633 840 125 189 74 789 486 897 488 416 
375 273 407 698 850 398 749 782 301 722 
195 597 848 645 708 423 215 507 507 809 
859 678 919 674 737 506 638 187 512 516 
882 153 675 297 222 611 274 632 262 92 
432 80 553 80 125 783 776 343 769 111 
420 243 726 290 57 817 90 295 924 65 

662 835 582 533 474 800 750 403 892 628 
343 563 469 994 470 479 99 545 354 422 
700 959 857 335 406 27 127 125 73 141 
390 503 313 638 220 84 125 142 439 113 
217 930 520 971 500 338 890 371 457 275 
674 260 173 617 836 701 805 450 873 295 
973 275 466 269 392 204 91 175 379 259 
944 701 776 577 449 700 548 630 501 482 
599 652 791 761 526 462 883 413 74 847 
327 325 15 275 866 820 844 542 781 477 
621 270 899 352 114 409 842 134 37 574 
967 766 550 317 123 133 495 54 271 768 
686 306 417 593 822 899 972 603 700 692 
537 37 706 640 679 936 94 228 307 34 
792 684 160 862 45 710 677 425 751 296 
945 212 128 874 895 706 954 483 913 450 
473 957 662 906 123 17 868 783 132 632 
508 230 572 654 463 330 677 230 820 755 
598 277 127 419 209 400 872 184 836 781 
25 649 530 907 54 737 759 624 25 604 
125 182 236 92 770 292 702 722 518 78 
281 317 277 661 250 980 984 228 822 780 
364 423 156 248 183 299 39 491 206 334 
688 407 825 469 645 827 249 56 211 974 
726 414 149 838 195 527 954 711 830 197 

808 621 832 922 362 143 137 1000 930 969 
921 203 135 48 463 119 477 947 737 512 
536 783 711 965 566 655 928 68 391 349 
906 412 485 674 171 437 907 759 576 64 
239 274 832 326 624 144 127 713 70 573 
131 877 427 763 201 188 341 174 454 660 
385 84 156 473 407 141 242 473 567 903 
234 348 303 350 729 520 849 229 385 638 
118 359 495 246 150 452 707 267 570 341 
146 486 808 566 309 779 412 902 847 950 
326 375 402 900 512 677 343 945 19 297 
127 772 679 35 596 828 175 378 758 185 
246 707 318 915 203 130 645 692 469 67 
650 668 144 895 613 103 923 344 799 872 
319 27 486 724 631 400 66 15 183 219 
200 192 719 128 449 195 628 32 226 833 
443 358 786 538 956 640 726 302 648 973 
931 758 139 787 224 670 751 862 474 775 
134 112 668 725 630 764 420 685 810 520 
134 629 716 333 255 889 676 704 914 873 
927 30 435 635 616 634 44 209 871 598 
787 491 660 418 40 331 50 615 279 626 
524 995 305 462 337 322 994 392 959 177 
835 919 360 818 710 719 862 382 507 46 
952 390 909 428 138 416 284 976 341 754 

8 906 220 79 618 749 946 260 107 905 
900 298 696 345 370 409 20 337 429 697 
421 309 312 792 377 961 454 74 152 429 
990 324 457 829 856 86 578 401 239 924 
864 89 877 531 794 15 743 484 102 930 
149 2 144 693 328 499 431 884 400 816 
645 721 613 773 946 738 602 15 168 596 
344 88 172 331 936 492 905 592 622 793 
324 121 62 409 590 855 271 975 942 331 
818 523 619 614 114 621 890 466 600 323 
692 772 909 674 868 821 638 326 355 469 
743 394 220 343 648 950 455 251 7 756 
718 622 219 529 641 130 292 996 713 421 
971 152 239 865 478 369 498 168 984 24 
795 70 201 414 496 748 434 114 218 833 
991 987 200 655 395 556 135 325 309 27 
400 122 812 336 448 76 187 469 934 628 
20 106 886 546 686 821 24 296 854 612 
376 280 807 346 531 740 809 315 774 753 
147 216 175 274 961 161 208 101 299 574 
287 568 931 476 310 851 12 119 307 362 
619 76 512 305 327 587 256 69 439 742 
549 460 384 141 892 692 235 373 726 668 
368 589 533 470 181 262 835 894 284 421 
322 971 880 826 226 883 854 301 318 716 

236 158 701 758 258 145 578 74 122 636 
762 1000 608 256 353 763 978 48 244 390 
807 374 907 259 535 870 135 255 982 617 
829 863 359 105 557 457 298 717 190 994 
926 836 325 819 293 393 58 922 202 571 
105 9 635 465 609 473 454 208 174 621 
197 37 838 879 946 817 926 931 392 343 
554 676 855 14 743 874 589 887 897 137 
245 326 771 992 721 25 66 46 487 225 
296 517 813 835 25 475 875 981 471 212 
557 889 198 690 629 971 895 880 490 930 
517 409 707 193 145 539 145 147 926 522 
224 64 540 902 500 353 773 476 771 741 
336 438 631 754 817 554 943 122 141 883 
346 555 734 689 699 276 916 881 811 536 
934 789 930 21 658 305 291 313 330 890 
162 161 754 935 351 410 507 597 935 411 
698 124 334 328 533 274 7 368 323 747 
447 201 537 918 149 80 259 982 43 203 
881 605 393 994 205 832 741 169 997 98 
252 399 797 106 527 195 66 572 694 483 
622 361 677 989 279 93 401 681 199 220 
506 581 313 316 710 215 719 984 721 647 
254 146 517 404 919 134 51 867 884 175 
263 23 622 746 717 820 481 380 646 257 

884 36 489 848 610 208 642 487 651 281 
570 533 343 13 332 668 399 472 699 896 
707 18 732 915 683 655 375 150 255 489 
588 623 277 710 928 709 229 273 157 165 
598 336 858 354 263 619 503 118 821 184 
551 906 424 454 787 935 412 336 51 275 
719 245 675 283 119 321 351 707 490 918 
735 286 946 568 352 174 951 459 584 370 
554 293 583 594 90 179 630 388 505 68 
272 564 628 120 795 269 173 142 646 458 
416 664 527 115 935 351 572 897 974 446 
101 32 54 392 827 727 162 536 203 496 
907 628 392 455 131 465 116 461 516 245 
61 114 431 678 199 69 748 862 933 267 
68 139 23 96 255 264 211 145 799 518 
891 405 881 56 890 462 783 281 710 732 
246 197 667 668 360 778 926 555 193 773 
749 797 906 444 367 779 648 495 254 224 
257 997 590 714 476 655 69 169 373 143 
465 177 11 832 898 719 194 122 788 901 
559 483 850 373 327 911 819 752 806 163 
302 484 265 956 637 15 755 459 363 462 
23 581 636 275 242 243 545 98 630 519 
376 123 453 193 198 421 268 508 812 375 
788 380 826 677 951 28 342 516 102 529 

794 302 557 465 833 732 155 257 759 552 
227 192 28 693 268 63 415 204 440 549 
986 696 199 452 889 932 73 725 298 186 
150 196 747 258 966 547 262 708 519 728 
518 590 481 942 286 540 179 588 878 523 
116 224 493 219 201 17 917 448 98 206 
769 911 386 282 663 665 642 765 717 281 
653 777 693 565 57 753 904 511 379 921 
627 784 39 141 925 369 506 676 692 961 
655 977 531 269 11 108 644 699 146 861 
892 525 358 252 443 134 19 952 376 678 
915 318 295 701 354 254 618 25 840 60 
56 815 242 955 31 291 312 26 851 376 
205 996 996 895 289 800 593 792 598 517 
711 801 547 226 872 825 604 929 651 58 
718 530 511 658 827 175 767 697 594 651 
340 17 948 745 446 71 118 30 24 339 
194 69 822 792 892 127 407 244 37 647 
314 727 201 246 850 443 9 851 906 432 
480 560 223 244 206 261 168 189 534 349 
510 415 376 579 899 92 277 994 844 886 
766 767 334 509 908 559 529 193 788 240 
895 590 611 129 972 291 675 112 995 841 
545 895 116 196 111 965 111 987 655 606 
487 751 606 66 254 805 468 927 61 308 

637 86 88 493 410 997 187 925 988 513 
575 4 174 834 338 467 303 188 66 63 
225 929 695 912 774 432 756 8 299 227 
84 188 124 172 116 148 85 765 60 986 
945 258 228 413 765 830 192 546 257 928 
116 519 204 732 726 744 117 97 30 661 
137 374 63 73 519 467 586 251 165 601 
374 923 745 552 250 724 911 45 358 131 
445 672 125 779 127 47 891 463 955 244 
782 764 501 542 590 44 497 818 315 955 
193 632 507 718 524 22 681 281 523 901 
340 149 970 861 629 492 315 633 166 589 
241 634 386 773 159 940 849 251 895 955 
96 98 498 19 962 429 819 634 769 652 
529 855 2 441 176 511 675 688 639 515 
814 714 95 210 963 833 200 736 383 384 
491 716 695 210 727 418 66 951 333 237 
41 790 946 90 800 613 504 53 521 393 
219 516 229 271 36 262 377 542 263 129 
562 738 925 589 393 42 9 749 45 716 
939 559 931 173 502 55 781 579 561 32 
398 318 264 654 929 994 520 956 469 190 
5 584 881 146 308 712 374 266 95 195 
641 764 140 743 614 435 780 230 891 394 
660 408 281 863 997 511 724 925 172 108 

749 984 633 829 195 46 848 99 638 10 
449 437 800 672 912 46 545 127 612 823 
129 346 744 484 124 117 659 863 84 479 
247 184 778 124 140 551 418 648 994 111 
89 323 624 418 752 622 328 604 854 794 
151 537 854 867 693 981 85 622 577 824 
74 73 706 526 556 731 301 7 125 303 
57 523 375 11 420 347 90 104 699 432 
411 130 564 645 788 925 788 963 302 612 
328 696 814 729 140 54 827 843 676 181 
179 363 518 992 424 732 956 928 534 909 
434 427 297 593 804 610 9 793 709 910 
421 542 807 816 321 313 309 642 542 262 
146 552 341 556 792 54 300 437 136 361 
860 902 644 901 105 254 142 698 959 582 
839 181 764 20 158 551 433 455 678 272 
631 939 606 633 732 610 695 125 115 694 
649 645 509 553 842 509 633 945 866 899 
364 244 426 249 161 879 614 998 887 398 
807 809 765 746 737 200 758 166 444 268 
420 832 966 509 439 104 707 556 658 650 
817 5 385 267 423 1 421 637 422 749 
707 451 726 228 592 315 2 525 260 94 
191 660 513 561 879 177 810 402 88 994 
164 577 851 769 6 211 181 902 96 504 

847 427 581 463 102 154 967 431 186 839 
598 412 23 356 897 819 661 904 536 367 
232 119 647 623 375 976 267 245 220 368 
642 375 240 690 253 659 532 627 724 332 
88 479 564 136 124 829 355 765 672 443 
960 455 555 642 579 603 349 903 872 72 
461 159 331 138 970 383 826 262 19 263 
205 948 61 204 6 424 383 895 809 943 
54 810 482 962 410 388 872 556 750 865 
117 236 760 914 107 297 652 157 766 639 
960 861 196 662 471 343 364 205 391 18 
225 658 970 284 862 25 780 828 182 213 
873 668 354 817 372 922 890 652 527 690 
664 161 461 798 223 315 241 184 974 248 
69 309 548 364 130 874 219 314 586 84 
141 755 30 848 831 503 721 583 112 852 
778 855 399 569 258 401 791 897 841 279 
460 624 576 225 395 207 798 388 35 343 
147 618 893 55 318 511 156 518 632 480 
412 304 981 324 517 913 254 576 844 394 
527 747 878 245 704 406 660 322 254 362 
844 695 952 310 253 906 617 951 225 463 
864 6 640 568 889 32 384 543 289 872 
375 708 804 133 804 327 646 603 680 997 
99 595 848 259 424 385 783 323 894 33 

365 705 346 737 155 196 413 412 962 653 
68 492 46 201 799 781 477 695 762 914 
303 976 413 152 301 761 619 483 554 10 
365 580 426 684 869 360 756 892 642 392 
569 970 534 514 498 921 584 530 195 171 
882 616 817 228 899 592 588 235 762 892 
541 127 263 450 455 448 465 980 757 585 
519 931 886 366 959 131 651 370 88 21 
380 725 169 872 22 871 205 508 686 552 
781 476 769 755 907 992 251 350 31 45 
908 122 4 718 186 946 857 183 561 741 
23 86 818 92 252 184 926 251 372 452 
161 120 698 282 471 197 634 593 280 508 
631 883 474 575 379 241 99 421 601 390 
867 915 580 356 115 616 397 473 745 631 
383 312 942 955 780 470 549 676 99 363 
828 724 496 237 160 936 169 179 618 110 
505 119 347 995 807 961 9 178 572 538 
206 267 311 399 549 378 616 82 724 642 
671 679 544 493 26 732 180 421 688 550 
791 103 48 82 288 237 537 522 58 264 
608 292 15 800 779 826 398 779 808 804 
389 695 341 949 204 991 790 567 959 399 
103 327 330 328 111 177 490 354 81 698 
183 132 273 63 547 861 660 737 425 856 

52 205 142 425 349 308 873 627 523 663 
897 228 295 985 3 15 741 642 656 48 
840 639 432 413 272 523 225 1 145 467 
998 912 211 196 632 346 720 925 277 951 
361 748 138 190 231 794 706 238 387 366 
772 409 765 762 677 275 941 759 147 998 
442 153 309 19 621 642 411 656 797 696 
969 285 609 734 34 252 128 523 158 139 
200 116 260 516 56 210 150 727 550 972 
687 547 312 963 605 626 715 215 543 781 
173 548 93 788 971 876 145 607 289 668 
209 936 965 542 826 369 234 929 675 311 
774 10 895 33 834 256 568 715 628 539 
68 64 759 674 921 924 854 847 543 597 
34 756 298 149 633 938 612 888 66 357 
436 949 682 600 561 294 801 961 165 112 
129 581 233 306 484 994 317 533 298 431 
44 328 700 348 224 600 92 944 971 753 
177 430 745 96 52 583 222 396 628 966 
491 176 689 190 32 993 363 460 968 688 
512 59 368 518 943 195 613 490 95 385 
767 565 671 582 202 744 60 447 390 554 
444 727 236 875 181 862 200 71 124 519 
460 603 871 508 282 417 202 619 215 556 
98 429 73 75 202 275 302 29 513 327 

18 440 232 123 214 481 108 972 144 939 
352 884 200 32 920 738 996 889 701 666 
144 837 491 660 703 27 748 237 671 623 
691 472 336 182 992 139 299 571 447 777 
322 381 878 530 955 566 602 820 692 788 
681 416 566 213 765 5 914 853 533 926 
452 735 971 778 17 133 973 182 257 95 
268 413 324 477 855 930 87 333 797 708 
300 428 237 679 546 404 645 41 242 905 
100 828 220 716 432 252 941 259 279 461 
681 239 886 895 328 156 450 820 314 838 
18 231 954 271 177 525 509 667 957 760 
894 296 9 927 609 150 91 552 36 290 
492 448 755 866 939 656 876 336 616 432 
718 583 249 104 304 7 398 59 165 329 
229 729 360 753 373 473 609 533 827 211 
133 873 55 343 560 305 75 704 330 163 
624 29 969 450 801 685 668 779 812 112 
891 325 388 934 567 227 88 976 341 362 
456 648 346 881 349 377 998 258 271 462 
488 396 763 604 565 622 994 983 879 652 
114 549 119 361 530 4 651 897 600 677 
982 739 731 157 690 104 920 47 798 271 
742 3 359 323 872 181 432 355 245 813 
513 376 88 962 945 517 688 918 795 856 

376 615 834 306 268 451 764 256 720 809 
352 886 32 743 695 617 807 279 251 442 
905 481 818 697 999 510 753 639 757 298 
321 889 429 559 562 78 154 817 538 807 
860 686 339 793 694 514 760 940 977 451 
366 817 726 329 554 742 662 779 823 185 
338 417 364 237 561 309 654 839 341 961 
795 615 396 431 105 216 376 259 722 342 
341 441 713 418 933 653 225 631 214 919 
722 145 430 426 963 595 892 625 494 213 
486 233 222 528 473 60 513 681 428 803 
261 398 644 328 820 20 78 94 7 172 
806 810 220 889 970 823 439 579 21 834 
754 129 876 561 20 544 787 316 627 558 
69 153 569 68 645 921 807 7 184 404 
356 94 606 133 836 17 757 285 785 261 
404 225 770 890 736 827 134 656 512 512 
30 821 984 358 278 769 425 756 922 531 
675 287 936 347 639 760 753 807 63 607 
271 938 210 886 934 31 921 21 946 777 
682 920 972 680 264 186 228 139 311 168 
5 585 376 22 387 573 641 131 749 4 
25 459 378 56 462 632 534 2 759 711 
353 738 577 844 219 486 858 749 770 204 
487 991 487 999 814 306 788 331 435 645 

190 497 482 394 794 521 969 776 145 251 
443 187 923 363 28 315 741 896 960 270 
466 515 618 550 162 143 382 179 37 173 
861 271 270 477 675 844 952 692 18 429 
777 832 101 311 504 628 652 166 792 100 
626 926 850 8 687 440 413 224 175 97 
397 804 79 169 611 672 475 656 258 385 
754 201 956 107 259 828 152 270 616 956 
990 668 847 933 972 75 927 515 751 523 
921 627 947 150 499 530 590 186 995 23 
97 337 568 658 876 507 616 665 899 408 
336 742 309 703 247 458 550 565 657 128 
746 390 285 753 208 829 78 579 248 892 
674 785 828 738 172 937 783 536 33 95 
521 617 85 148 86 613 155 550 50 780 
982 895 92 483 331 805 909 376 98 268 
983 501 657 661 789 238 295 901 823 538 
312 502 466 931 382 990 249 182 298 601 
446 178 253 463 615 296 289 525 520 551 
87 581 252 564 22 484 523 404 680 447 
962 393 117 221 230 70 764 115 318 194 
805 651 155 974 911 441 193 863 330 2 
258 570 892 229 639 939 484 38 86 28 
696 431 529 590 583 630 981 976 622 636 
173 578 739 387 569 536 643 468 67 592 

251 740 315 570 377 188 320 786 689 915 
741 822 886 276 677 384 942 823 398 747 
60 161 54 261 564 609 825 153 457 450 
373 657 791 354 556 374 191 236 599 871 
149 354 730 723 187 368 220 639 667 240 
371 469 39 329 793 779 913 535 265 639 
146 785 535 843 83 877 891 29 69 107 
836 732 617 12 268 817 246 120 495 59 
326 434 762 616 535 509 582 508 818 491 
746 428 749 906 105 471 433 916 905 273 
460 802 286 279 708 656 546 186 567 447 
270 116 957 373 413 652 771 333 205 592 
14 150 796 175 931 972 763 468 545 265 
694 762 667 353 31 962 206 167 501 829 
367 523 601 891 467 673 906 727 827 464 
37 552 869 904 222 992 299 408 245 298 
594 594 329 374 10 519 510 301 832 609 
510 435 950 789 440 534 461 757 34 450 
32 295 352 675 152 184 274 679 318 670 
183 266 84 919 324 679 594 93 522 422 
938 622 459 682 939 181 331 967 949 538 
566 582 497 482 708 857 334 375 943 957 
699 173 265 978 992 906 702 932 307 362 
693 454 579 29 445 868 670 898 873 253 
571 200 780 874 422 713 795 298 751 204 

197 305 242 134 75 652 461 401 695 845 
587 880 773 902 675 231 540 815 567 405 
332 224 670 646 861 998 720 403 195 270 
981 49 211 587 228 265 252 271 268 292 
46 818 661 461 876 341 619 580 328 733 
840 894 795 321 758 125 41 315 927 233 
782 118 693 164 907 355 257 542 102 427 
356 189 405 939 534 881 168 115 666 3 
297 54 478 356 709 751 748 533 760 175 
58 146 554 488 729 453 947 921 479 668 
448 16 605 274 234 521 537 254 482 712 
9 77 215 664 259 280 348 97 951 878 
898 316 913 351 104 406 632 166 437 749 
65 916 777 774 296 148 903 27 475 650 
707 621 7 258 594 604 743 114 878 249 
848 815 847 464 149 552 153 895 347 965 
991 992 732 981 170 974 877 522 290 144 
246 638 321 704 420 185 618 907 809 409 
525 631 854 881 743 270 365 717 243 588 
449 394 898 257 986 897 532 727 194 989 
484 19 530 585 469 363 945 539 983 524 
353 374 407 41 553 491 393 67 554 77 
279 187 219 879 727 376 347 654 893 217 
34 557 85 945 253 588 815 69 678 952 
593 863 56 785 469 49 394 942 119 184 

651 361 757 934 336 722 20 565 422 276 
646 468 346 810 366 211 202 7 455 135 
113 168 863 253 381 914 247 829 297 946 
216 102 681 793 69 443 881 340 762 801 
67 285 240 272 717 283 645 794 407 697 
773 175 453 810 115 780 880 296 406 863 
45 791 187 988 219 628 127 868 869 564 
681 210 459 463 17 30 896 857 379 821 
916 548 281 879 991 151 483 382 818 196 
968 702 894 180 50 234 89 387 274 665 
716 340 249 378 21 90 914 212 109 755 
840 412 865 942 83 773 34 574 777 290 
315 677 246 971 965 698 259 920 204 318 
912 896 7 257 378 576 266 712 691 596 
908 691 204 375 408 527 410 923 211 344 
779 352 738 765 984 364 313 577 16 582 
955 700 568 931 261 790 492 68 953 903 
4 797 84 647 927 207 478 680 88 232 
860 141 19 408 7 281 982 651 395 392 
495 909 823 310 593 440 863 289 223 502 
163 200 332 968 525 791 672 322 565 345 
995 445 717 757 767 218 595 548 631 135 
602 136 81 579 303 420 701 705 900 219 
946 983 759 938 749 867 360 941 313 130 
940 426 677 72 220 95 968 767 757 148 

221 264 958 913 671 962 444 102 963 541 
861 460 479 606 853 182 454 560 44 23 
233 958 660 322 500 3 676 476 78 190 
766 626 95 718 192 474 599 345 77 619 
810 837 401 771 149 618 646 796 471 182 
42 613 255 822 333 234 426 661 323 332 
297 615 213 862 725 90 432 220 714 241 
50 572 267 87 112 257 491 958 122 835 
719 173 377 865 949 195 581 858 541 542 
801 510 265 90 707 159 942 202 436 127 
304 80 300 520 183 557 683 206 787 783 
279 925 176 813 849 649 625 771 350 617 
991 982 686 435 366 351 639 926 636 24 
439 122 169 752 11 520 300 118 42 249 
523 710 672 184 176 222 819 646 37 864 
600 736 582 622 956 947 960 359 489 227 
357 291 766 710 549 600 917 428 187 946 
747 667 165 740 634 692 417 289 119 719 
679 81 842 167 947 940 520 301 383 225 
450 462 946 579 219 811 195 656 541 60 
540 289 529 620 687 400 287 98 721 509 
515 845 792 646 604 894 774 186 156 562 
947 820 337 758 908 537 230 225 69 640 
952 31 879 467 513 683 970 834 71 778 
201 450 106 880 825 8 735 396 183 751 

111 978 940 635 447 739 33 651 934 863 
338 728 240 454 316 873 997 241 710 946 
441 140 634 216 993 560 200 837 99 882 
582 796 498 445 625 147 859 295 778 179 
563 54 450 785 581 937 859 970 981 630 
275 792 637 319 618 519 147 36 550 191 
110 359 275 319 132 434 244 61 742 344 
655 752 54 469 524 362 862 351 572 294 
560 298 241 885 916 948 346 376 701 269 
787 349 971 332 622 394 462 833 11 698 
511 303 536 770 279 430 426 235 595 65 
415 685 302 804 232 960 158 227 370 874 
961 707 263 583 663 569 879 395 639 180 
888 905 903 316 422 9 508 671 762 332 
5 247 404 823 408 125 8 137 417 315 
370 173 399 69 538 781 492 334 125 772 
448 353 273 146 901 558 134 782 880 272 
117 573 172 256 450 461 245 348 145 64 
143 638 82 505 654 564 452 823 242 386 
802 580 72 649 80 413 809 470 859 472 
1000 195 516 799 422 789 755 886 118 443 
891 5 496 881 370 406 766 440 517 510 
552 518 709 644 167 244 195 83 716 755 
372 535 646 814 493 768 870 966 950 994 
962 256 238 449 723 231 690 252 712 128 

756 633 542 785 469 394 486 657 179 986 
493 615 577 267 458 849 793 2 177 475 
722 985 418 819 386 874 89 670 625 724 
331 709 403 136 653 205 604 800 485 593 
640 412 565 976 202 732 11 670 136 172 
329 499 353 131 989 205 278 610 408 375 
817 341 704 839 433 419 876 360 688 205 
786 868 626 872 139 566 334 138 353 59 
754 639 790 719 481 777 884 206 604 280 
515 89 801 695 774 357 797 570 220 794 
426 953 416 177 161 494 671 611 423 462 
93 377 319 217 111 78 643 105 709 190 
722 661 560 517 168 914 885 216 889 902 
708 853 115 764 796 97 13 703 242 365 
507 751 78 399 479 948 860 17 895 69 
475 708 274 679 943 163 176 735 86 248 
379 878 221 839 177 895 288 84 158 769 
876 508 988 893 789 782 858 23 390 8 
726 996 892 122 106 792 152 259 367 196 
593 932 612 186 118 857 325 440 188 9 
548 726 220 594 88 616 641 62 592 90 
372 251 910 518 536 509 43 839 693 68 
414 411 484 94 213 970 311 506 935 569 
887 321 647 293 634 597 697 648 450 654 
257 21 959 977 352 804 687 528 886 116 

851 815 350 795 546 739 244 526 33 115 
207 753 249 652 591 110 103 526 989 862 
433 624 405 840 158 683 84 628 259 713 
641 911 468 292 797 604 728 990 282 911 
532 580 469 537 307 977 795 273 554 420 
269 665 742 146 99 564 993 361 194 840 
865 17 597 128 400 18 740 935 617 77 
807 795 70 757 105 71 188 458 349 335 
540 280 433 537 696 276 845 592 737 730 
898 823 987 271 946 432 53 10 987 650 
730 649 115 380 234 997 627 509 29 60 
851 766 92 906 737 262 15 719 889 852 
518 311 3 569 577 652 928 174 390 84 
242 223 757 234 174 249 389 453 139 377 
293 474 647 32 562 594 797 1000 820 59 
689 888 711 120 679 143 681 752 455 89 
384 15 265 197 786 703 696 443 689 540 
640 509 685 194 751 980 87 903 53 912 
934 528 443 468 476 668 917 375 590 43 
183 212 334 612 712 420 72 345 601 224 
838 867 420 808 4 133 693 219 587 354 
841 532 46 701 96 353 294 732 373 475 
685 876 280 420 549 179 295 812 807 96 
321 10 555 610 126 251 754 83 743 739 
532 803 785 166 315 571 33 149 660 120 

556 111 163 457 614 182 896 226 575 580 
739 666 841 714 141 765 208 184 332 55 
171 378 275 731 15 807 974 938 59 627 
629 788 573 38 533 205 523 887 103 985 
511 688 731 939 713 43 303 577 768 199 
644 631 987 415 860 915 719 663 471 911 
373 412 273 643 755 146 90 67 405 591 
505 532 539 394 462 641 554 585 956 585 
130 660 237 62 699 360 716 113 636 838 
34 907 361 629 405 174 187 483 868 934 
207 137 719 437 559 712 941 847 279 990 
44 858 165 362 684 784 290 649 932 391 
145 57 296 870 657 789 129 239 470 9 
308 508 598 270 958 368 251 986 397 479 
832 915 317 792 275 937 156 238 828 569 
133 993 269 36 569 639 889 35 549 382 
362 459 684 996 606 556 875 586 674 383 
39 283 503 598 38 719 706 728 684 144 
799 923 398 692 537 830 100 377 412 505 
75 209 476 698 369 348 816 508 725 627 
379 593 788 283 221 162 252 291 197 176 
77 611 661 238 387 754 932 260 629 234 
409 336 693 668 669 102 646 39 313 733 
957 412 514 794 727 690 805 552 357 605 
23 776 147 138 956 332 450 535 906 401 

413 63 111 312 888 650 111 279 890 995 
81 989 623 449 486 398 153 598 253 842 
189 540 608 638 60 75 687 476 350 409 
463 989 959 968 650 603 879 960 21 729 
92 56 63 109 914 888 679 413 568 871 
28 57 216 795 356 536 91 21 994 334 
300 470 326 837 292 783 641 505 292 123 
605 72 21 463 393 428 911 729 612 731 
247 960 793 938 192 78 145 655 286 748 
479 605 614 551 357 598 605 793 939 742 
873 291 266 765 355 806 288 233 512 260 
60 280 543 275 390 221 127 208 367 977 
288 29 544 20 954 655 521 183 776 254 
453 550 159 884 25 414 315 887 755 671 
514 385 934 34 998 401 790 651 607 229 
255 136 411 5 396 842 488 726 34 932 
258 966 988 505 57 580 193 426 6 528 
557 713 408 837 89 780 822 46 440 22 
481 925 892 199 481 134 544 854 947 536 
713 357 527 207 70 272 340 866 426 313 
871 772 266 10 974 524 854 55 12 724 
471 473 914 619 905 325 894 840 772 376 
370 712 13 365 803 829 278 394 621 263 
743 83 238 932 470 896 491 803 32 843 
946 985 498 337 286 699 963 508 686 243 

907 75 488 485 227 292 519 362 618 499 
876 360 6 906 220 897 566 96 10 504 
93 274 568 413 863 185 783 325 881 866 
138 608 690 431 432 930 851 174 457 650 
104 927 944 454 338 381 70 484 172 922 
752 869 816 976 177 759 105 849 904 958 
631 251 651 113 101 653 645 57 272 945 
692 5 814 665 757 193 266 984 363 38 
52 565 327 974 581 88 778 804 244 961 
253 299 684 676 11 715 381 847 271 7 
807 447 406 465 125 414 981 474 296 383 
178 570 241 621 963 363 45 6 17 957 
563 92 329 16 127 991 140 706 172 445 
426 980 646 90 804 620 834 585 920 362 
687 605 202 272 200 732 514 172 614 209 
785 167 413 523 112 436 101 902 999 663 
288 890 768 60 566 460 749 393 470 541 
363 109 189 771 527 725 872 90 695 822 
745 423 183 610 39 382 529 662 705 413 
872 343 822 187 776 804 521 894 698 82 
240 661 62 110 84 337 841 252 134 259 
646 999 656 320 859 293 597 875 753 437 
42 279 166 306 565 282 994 625 77 483 
781 554 990 222 190 182 639 995 666 739 
450 630 106 230 161 120 999 838 966 878 

547 859 25 285 674 829 878 49 145 915 
532 824 153 820 370 13 462 582 25 209 
768 292 915 754 48 519 295 751 579 468 
576 90 523 313 525 286 564 738 961 167 
445 339 634 564 95 694 100 967 679 594 
467 935 880 366 71 580 354 173 340 176 
446 871 20 694 305 25 487 229 895 138 
249 752 216 316 149 449 558 144 960 51 
614 750 526 499 957 614 700 760 525 118 
15 3 307 338 896 833 618 214 665 663 
383 306 44 685 403 150 504 312 438 871 
600 610 681 468 544 120 896 977 882 408 
647 762 852 118 519 926 515 561 308 873 
725 196 577 456 36 642 238 837 601 524 
26 252 505 418 529 209 598 640 738 170 
25 342 270 784 527 190 406 11 737 351 
815 682 746 473 508 548 441 531 316 296 
745 949 76 702 155 825 74 174 381 295 
278 490 412 90 909 159 593 945 855 847 
918 453 21 928 22 882 562 813 229 517 
559 80 18 517 548 708 5 291 183 180 
285 717 237 67 145 408 916 866 236 188 
979 950 284 407 389 658 222 613 807 217 
1 356 997 199 237 294 632 815 76 86 
943 160 182 952 832 554 438 564 51 98 

599 599 359 58 318 462 464 323 702 675 
29 314 451 178 580 508 87 7 984 971 
122 108 64 705 387 756 505 91 667 85 
218 253 966 979 569 676 923 570 38 903 
54 414 875 651 938 914 761 92 205 702 
707 387 183 14 306 279 316 537 600 2 
430 624 235 929 933 612 285 735 499 544 
631 433 413 805 514 723 788 490 870 342 
900 797 82 532 229 706 182 927 765 34 
625 814 780 203 967 46 519 457 354 432 
65 71 391 691 338 360 291 42 368 390 
730 375 613 870 800 776 942 579 885 830 
410 183 603 842 331 937 572 279 821 941 
438 149 321 306 590 362 393 868 541 578 
698 377 478 138 646 41 18 448 673 81 
277 198 418 115 875 832 174 966 889 952 
27 941 712 896 351 655 399 508 629 527 
24 658 590 511 176 329 707 798 226 601 
590 951 404 21 318 851 709 68 927 207 
286 662 891 810 260 618 328 375 173 153 
980 965 944 887 42 84 552 853 892 793 
786 725 844 937 565 1 588 500 659 121 
252 665 478 146 578 514 113 683 512 382 
384 448 101 875 966 781 269 652 625 236 
605 96 402 653 66 259 770 18 39 549 

125 16 938 816 161 934 350 356 987 920 
622 546 795 645 544 128 223 738 588 434 
219 354 83 474 344 494 735 983 890 59 
35 62 895 231 231 748 458 85 826 550 
968 715 469 280 493 179 433 210 209 530 
96 212 427 811 117 348 797 693 901 41 
191 874 466 461 359 165 458 114 999 89 
465 169 515 396 820 882 207 862 658 803 
986 384 569 80 57 142 194 663 341 617 
203 468 282 691 391 355 911 597 987 942 
956 389 105 913 176 247 280 207 870 414 
944 903 107 641 632 781 887 81 290 589 
901 836 697 106 642 554 129 973 928 213 
869 94 331 77 992 304 981 29 309 100 
83 738 982 458 432 530 469 320 169 447 
420 828 217 926 325 893 816 270 518 226 
240 63 661 478 358 806 385 39 654 434 
934 297 783 594 60 310 26 534 416 919 
9 347 232 328 702 77 483 809 254 623 
245 942 274 717 978 902 631 650 222 629 
677 372 412 330 382 817 23 142 744 373 
292 124 253 178 258 324 344 918 861 106 
454 97 122 269 822 539 191 797 242 786 
819 703 431 110 990 495 554 639 977 779 
416 527 235 829 181 74 602 222 435 901 

794 962 559 323 634 265 707 775 776 248 
253 781 833 654 881 335 945 892 683 417 
55 945 624 67 667 371 556 676 355 260 
272 463 24 361 26 708 862 355 100 314 
862 237 777 757 236 190 602 665 11 565 
899 109 798 568 897 399 686 325 783 527 
629 918 230 711 314 268 97 52 524 494 
558 927 776 52 755 266 297 252 276 527 
142 748 321 871 720 341 28 559 825 307 
711 842 839 878 516 204 873 42 663 780 
805 237 953 547 201 235 401 1 217 825 
556 779 540 423 858 342 132 956 691 144 
531 605 967 40 317 513 314 660 963 619 
706 270 824 373 710 740 318 584 551 478 
185 766 946 706 522 275 291 641 752 36 
455 151 792 648 286 436 858 266 889 155 
767 557 67 54 922 484 219 712 657 614 
151 430 700 745 876 354 583 342 389 618 
996 612 655 695 498 602 700 71 303 179 
414 769 244 905 368 162 394 907 23 844 
36 890 88 190 167 130 526 826 967 666 
762 632 886 866 424 326 64 716 684 451 
770 762 429 453 166 175 499 879 64 286 
373 304 910 704 420 184 943 197 33 953 
2 269 389 280 497 732 540 696 821 270 

447 682 649 672 673 522 987 818 781 695 
260 630 331 346 255 727 738 691 49 494 
877 448 306 563 992 981 895 205 267 893 
271 313 495 375 758 148 749 841 627 8 
258 799 127 863 869 558 777 34 795 983 
508 683 314 442 31 805 378 692 991 482 
56 302 81 938 929 674 764 806 929 919 
421 537 463 382 625 845 537 686 522 28 
568 350 810 128 792 575 687 742 812 346 
702 96 291 482 279 911 412 934 301 791 
488 538 473 597 742 913 2 889 741 157 
544 12 503 149 202 730 133 765 980 402 
115 987 585 13 386 797 329 539 406 509 
69 546 387 798 960 394 854 564 914 36 
93 252 732 949 305 732 624 684 412 497 
900 43 145 395 807 799 711 824 334 631 
189 779 51 10 474 729 58 213 184 99 
901 744 593 611 965 53 308 143 319 909 
694 104 412 174 560 955 748 754 535 590 
822 888 562 173 632 28 296 969 593 153 
71 770 879 115 667 314 74 513 102 495 
193 849 13 982 541 531 487 293 339 313 
740 756 397 626 625 889 782 878 615 321 
203 135 373 439 809 929 381 911 354 88 
968 504 932 103 581 534 224 854 453 332 

399 960 197 422 379 154 160 368 319 905 
334 253 725 111 449 689 630 728 187 957 
220 308 34 444 378 209 655 14 339 128 
285 582 883 63 445 908 975 291 190 522 
81 314 344 790 482 798 73 604 112 42 
114 692 707 137 683 926 957 474 735 360 
230 406 189 980 285 284 617 492 862 236 
914 607 873 707 189 359 862 173 647 469 
464 240 377 229 39 14 771 443 782 559 
47 17 421 280 768 898 63 141 927 495 
344 81 72 347 183 761 439 706 505 562 
588 303 392 541 787 157 723 116 809 416 
309 786 970 458 22 245 91 156 94 980 
530 423 456 583 178 126 810 934 202 226 
431 891 980 532 216 791 560 10 475 627 
329 487 521 32 960 706 897 712 160 45 
741 422 719 485 551 726 336 588 672 822 
991 711 974 66 886 92 963 613 322 575 
486 510 494 373 793 31 293 43 341 663 
247 1000 700 786 370 111 134 599 887 353 
493 9 660 794 778 826 61 940 254 456 
496 537 529 154 689 944 657 734 857 296 
33 573 450 832 343 631 264 704 395 834 
768 213 913 183 256 170 935 716 172 904 
458 862 273 771 983 583 696 259 976 341 

63 374 675 523 593 502 105 14 454 787 
81 180 434 354 97 988 107 605 519 419 
664 305 554 986 925 82 458 76 546 764 
38 762 269 357 778 881 169 13 124 746 
182 447 750 249 95 381 832 394 10 646 
107 235 326 636 558 329 753 616 298 288 
490 209 713 884 955 798 54 722 353 612 
485 697 291 723 257 632 215 902 122 32 
719 938 741 420 615 339 254 245 324 766 
555 740 680 526 447 149 684 399 478 543 
189 299 397 669 197 679 449 0 836 906 
953 908 835 848 421 891 181 841 709 162 
655 457 668 451 532 508 684 783 284 370 
784 953 968 419 942 941 289 208 410 175 
974 927 473 450 323 619 150 822 841 449 
285 59 704 994 842 554 695 159 361 346 
364 995 949 211 938 110 195 19 291 927 
873 914 9 818 241 812 918 582 318 43 
84 73 419 585 214 200 87 438 197 424 
209 226 72 677 904 809 299 905 82 327 
272 474 492 111 86 772 534 879 760 969 
740 259 470 383 746 773 78 420 546 879 
346 749 165 61 174 121 18 457 486 393 
478 772 14 675 889 625 355 859 629 229 
744 276 910 442 216 545 18 645 160 196 

736 704 315 357 60 129 178 404 340 425 
473 630 2 855 847 10 981 124 634 396 
310 600 601 166 230 420 991 792 991 328 
510 73 783 700 681 855 311 130 110 69 
331 307 797 813 335 335 288 626 693 304 
258 924 221 19 357 242 793 152 614 868 
665 254 281 781 271 670 63 555 178 723 
178 72 892 778 0 470 141 345 560 222 
236 637 406 512 714 433 413 490 210 699 
953 776 537 713 479 928 692 329 967 412 
472 798 608 58 309 907 637 80 611 106 
530 339 37 35 71 479 311 296 10 298 
979 51 616 337 514 961 229 863 842 847 
220 462 646 377 57 549 72 749 630 712 
799 496 788 828 409 304 170 478 741 563 
251 868 945 830 161 667 588 806 208 334 
406 653 98 598 556 538 602 566 492 267 
269 282 403 834 488 534 13 692 981 728 
92 680 51 100 735 505 131 160 231 911 
762 319 416 812 59 575 433 125 752 102 
362 329 587 449 27 535 919 643 85 975 
244 896 322 905 382 157 272 420 298 294 
213 869 603 588 547 60 438 506 74 101 
946 377 897 48 895 619 973 731 622 23 
133 341 624 843 183 446 526 980 96 321 

494 799 889 153 424 711 774 191 484 718 
879 678 986 458 726 624 272 392 691 414 
41 227 125 256 673 495 438 101 733 956 
265 616 842 551 952 222 770 485 581 143 
355 862 27 303 633 903 125 79 96 597 
91 832 113 103 671 560 549 893 111 422 
995 198 794 922 616 814 555 64 465 713 
554 664 676 71 896 793 609 483 543 575 
839 667 557 348 370 519 770 72 873 7 
231 670 84 145 358 569 331 706 388 10 
23 366 885 432 812 28 699 768 667 667 
203 422 698 406 254 185 398 21 707 109 
462 282 946 974 783 384 989 301 649 974 
752 890 385 654 73 76 519 763 649 547 
975 818 37 356 297 940 985 1 31 321 
735 33 942 619 937 346 396 70 580 969 
271 745 174 741 793 170 499 948 132 559 
970 486 689 343 523 462 0 598 774 971 
381 861 352 349 23 252 697 878 537 986 
969 488 602 439 910 428 925 210 496 74 
731 951 1000 205 632 3 392 175 270 793 
851 991 718 64 580 37 239 412 314 845 
196 90 600 781 49 356 263 195 720 256 
398 515 267 908 554 340 981 997 953 206 
497 898 512 442 769 582 224 91 79 133 

158 936 475 254 888 717 937 998 944 231 
938 46 24 104 122 782 733 589 976 635 
470 418 160 458 885 117 820 82 842 461 
492 240 255 815 844 90 868 669 171 719 
906 578 105 791 113 30 237 114 514 198 
488 294 264 216 704 986 235 767 365 483 
504 764 488 479 653 518 761 30 571 907 
787 778 611 921 806 599 540 332 956 400 
827 518 797 837 7 341 961 945 766 162 
165 392 793 569 941 486 526 668 927 584 
774 71 820 684 196 410 27 482 943 111 
889 664 999 841 63 121 229 708 877 176 
505 496 242 628 461 469 725 25 683 944 
703 929 516 676 914 755 493 969 285 463 
781 28 111 516 80 6 298 232 965 577 
170 944 386 655 182 78 80 508 915 814 
412 203 691 252 256 573 458 843 334 981 
129 270 742 814 989 940 119 611 980 778 
359 726 165 854 748 323 181 394 699 122 
216 725 583 234 277 516 522 901 367 460 
184 643 761 832 75 106 177 426 510 508 
161 965 124 293 739 515 322 556 962 545 
82 768 638 433 605 551 478 198 910 346 
952 489 811 847 723 611 142 947 44 950 
937 107 618 14 710 229 886 404 821 942 

669 509 264 802 733 902 900 156 303 684 
601 606 701 770 378 385 91 683 95 99 
187 163 856 168 478 990 913 553 190 570 
147 997 866 497 666 94 249 241 661 913 
921 779 716 236 233 336 997 443 131 6 
515 173 853 232 411 326 293 244 285 308 
180 423 826 559 806 890 712 833 112 149 
370 323 396 986 75 268 914 18 303 388 
50 16 389 4 262 320 599 149 599 63 
65 875 910 513 658 529 553 225 878 438 
45 300 474 77 772 194 522 286 324 399 
98 385 514 797 111 931 357 250 306 762 
189 920 482 857 831 131 930 318 516 614 
397 316 130 556 281 60 191 579 933 192 
210 48 80 807 785 456 322 887 736 64 
533 24 549 579 857 472 255 746 878 725 
34 361 192 216 524 198 360 274 743 433 
237 537 660 778 760 680 797 800 702 286 
674 947 551 605 900 1000 569 647 804 877 
235 655 552 951 205 981 547 929 748 295 
690 306 528 93 517 0 593 75 931 317 
659 148 984 584 763 251 222 983 243 222 
789 686 142 12 544 824 673 864 877 707 
211 579 50 1 919 342 700 789 859 76 
446 5 3 36 480 486 376 432 71 960 

627 472 87 885 647 572 533 581 251 970 
430 877 494 251 80 748 658 904 726 875 
792 153 720 478 960 824 976 573 424 906 
989 265 934 421 590 691 803 59 719 579 
599 576 989 234 438 160 733 885 401 16 
314 809 35 169 307 455 852 558 884 54 
903 992 443 541 275 189 398 851 596 198 
543 498 617 207 627 214 94 267 550 840 
147 674 788 350 991 491 878 818 591 552 
45 645 595 141 615 594 388 627 730 534 
357 974 953 291 317 332 488 16 724 736 
95 707 844 728 639 389 815 548 835 997 
976 219 462 460 611 740 975 836 339 987 
190 942 733 952 430 472 126 990 353 501 
301 231 517 865 15 224 446 847 259 407 
577 12 993 589 874 960 760 94 700 137 
303 316 876 642 491 188 610 689 453 753 
722 264 471 774 685 798 67 475 225 216 
777 179 574 759 574 607 957 228 984 556 
878 535 870 181 840 71 381 661 575 255 
286 30 512 750 268 456 61 339 620 434 
781 130 994 295 640 106 517 366 686 209 
649 339 854 799 382 280 120 278 29 109 
493 299 396 794 832 984 626 528 885 400 
215 172 234 21 454 785 227 400 90 628 

557 952 949 495 382 542 557 79 794 170 
789 997 522 396 263 973 143 139 484 61 
569 237 167 795 395 501 748 430 810 386 
143 720 909 155 540 420 678 679 314 536 
132 849 327 893 853 607 766 722 238 294 
782 989 172 478 840 554 839 554 270 394 
846 189 108 488 744 221 467 44 239 111 
502 251 775 359 576 412 312 973 234 832 
902 406 253 172 10 736 246 553 51 35 
812 366 119 147 993 932 195 910 83 541 
234 961 304 756 613 869 331 653 111 772 
829 260 860 423 837 458 548 105 386 180 
539 307 769 930 953 928 957 691 466 555 
34 223 522 791 11 140 264 717 814 379 
575 828 781 193 246 866 402 606 397 974 
347 874 19 151 35 179 800 399 748 335 
142 354 105 938 532 296 168 318 763 580 
839 713 447 229 963 767 215 750 432 141 
143 357 595 360 559 487 168 760 805 775 
330 805 859 966 373 540 166 299 334 303 
781 794 919 425 978 735 578 301 370 881 
175 310 747 248 523 561 686 972 488 339 
460 483 277 680 677 364 823 634 885 551 
337 478 624 507 168 477 125 998 298 141 
124 305 730 18 476 435 139 66 204 292 

821 242 595 888 365 204 138 217 655 321 
540 787 141 675 386 283 849 509 744 173 
462 969 70 938 374 404 709 757 102 299 
312 361 19 227 300 229 289 567 609 984 
228 335 36 992 557 564 982 73 418 981 
370 560 970 816 236 47 401 224 687 605 
139 565 408 837 819 680 667 289 321 60 
38 610 474 774 889 434 66 753 751 999 
194 496 894 539 740 598 246 35 854 98 
260 275 653 640 220 300 602 228 497 611 
743 627 902 996 850 976 788 721 546 582 
433 792 225 788 944 525 162 537 808 407 
128 924 971 255 969 724 64 114 845 246 
93 389 847 465 242 940 391 635 4 14 
884 787 0 372 889 75 387 662 42 146 
106 403 43 858 484 448 374 592 64 342 
683 43 757 550 400 930 730 676 51 493 
298 436 880 959 695 949 74 235 21 339 
461 91 256 860 855 427 326 938 849 42 
455 914 994 800 390 940 414 415 196 972 
974 193 345 892 891 58 92 492 327 126 
985 854 406 364 90 250 140 387 678 274 
471 858 895 731 620 239 859 749 532 939 
173 441 429 730 888 196 746 504 974 165 
801 500 462 547 572 950 456 43 746 220 

840 933 88 171 176 592 12 654 499 776 
643 555 328 415 51 113 891 157 95 702 
946 337 713 397 443 937 302 977 802 838 
684 471 810 67 4 531 744 709 424 254 
121 201 32 403 89 432 485 885 476 326 
148 257 457 299 255 687 155 289 803 693 
406 346 643 793 23 264 615 201 577 768 
396 363 538 579 982 280 951 524 178 912 
331 638 147 524 19 970 526 373 28 623 
428 175 129 295 70 890 595 214 217 473 
245 858 194 90 967 150 208 120 53 343 
159 735 385 972 602 545 503 455 427 345 
125 183 950 187 871 981 422 415 140 92 
357 708 735 774 389 724 176 743 87 29 
197 846 431 704 432 905 74 355 341 307 
112 164 785 107 512 87 378 794 623 794 
597 508 303 965 379 901 983 598 116 81 
6 609 92 356 497 695 351 301 264 641 
479 108 742 233 607 157 550 790 952 880 
555 853 475 83 371 466 730 918 341 466 
20 975 988 713 888 499 884 823 699 477 
135 267 789 826 326 851 838 826 543 481 
183 871 76 846 375 356 43 138 492 133 
424 907 533 876 390 908 199 794 297 477 
268 288 58 693 966 347 859 376 910 587 

818 365 678 200 455 240 594 68 423 562 
729 618 451 205 633 319 525 915 523 626 
283 786 879 828 280 623 854 461 516 309 
597 429 657 967 978 137 863 573 990 518 
676 16 410 919 372 852 318 971 687 989 
32 885 40 753 313 20 921 790 807 298 
929 919 867 990 275 262 233 44 294 790 
990 786 443 733 980 441 948 995 123 351 
394 535 802 140 182 59 24 761 211 863 
231 636 607 188 809 545 221 668 631 444 
402 426 174 998 680 940 669 265 9 165 
680 160 894 321 850 372 838 627 279 923 
850 884 556 489 719 146 956 739 471 437 
164 841 32 821 18 896 756 892 280 307 
0 86 329 351 697 133 672 109 779 170 
364 727 509 602 29 432 579 463 981 210 
591 907 256 47 391 922 58 648 617 988 
811 265 796 104 417 377 83 371 523 905 
916 313 254 995 910 426 764 851 668 735 
155 972 619 198 568 850 565 362 458 156 
823 260 143 913 606 710 72 373 314 538 
512 10 974 50 311 4 294 877 281 460 
714 546 438 471 295 897 158 134 792 540 
645 613 59 810 264 247 962 155 845 361 
369 651 274 348 464 79 944 38 435 164 

495 554 563 946 299 556 83 291 385 822 
957 28 849 72 821 542 636 430 815 335 
462 428 618 400 838 368 70 664 891 368 
312 731 932 992 872 728 896 202 660 69 
740 960 780 176 582 376 408 186 965 171 
815 180 652 629 427 20 776 635 482 626 
876 102 359 61 100 563 430 121 895 925 
467 594 800 367 464 66 422 644 607 73 
335 4 530 539 820 583 910 426 697 145 
988 322 122 949 660 256 320 344 230 585 
143 928 348 403 804 158 653 344 867 912 
781 165 364 782 391 493 121 532 866 89 
2 367 27 726 357 789 828 439 125 74 
121 34 284 752 761 828 317 824 700 69 
259 920 280 545 895 375 246 937 44 246 
146 815 147 652 129 774 686 702 739 946 
850 398 690 732 850 30 647 315 215 379 
451 151 488 35 424 620 577 381 84 850 
958 365 708 355 995 341 780 961 974 433 
80 603 21 413 218 20 922 817 67 769 
851 295 166 626 912 13 634 142 56 656 
390 528 427 210 799 88 21 51 654 492 
774 572 533 894 648 622 33 281 428 580 
962 594 612 141 468 564 459 102 79 399 
355 365 614 794 862 87 648 872 79 610 

301 408 670 916 373 767 975 833 321 955 
946 462 778 768 325 162 638 910 555 23 
181 742 951 659 577 862 795 647 759 902 
103 379 310 342 300 69 669 177 623 61 
493 751 726 341 15 850 492 7 170 650 
363 780 11 345 174 575 462 893 581 579 
634 432 561 83 873 703 712 835 923 351 
427 850 386 173 153 370 800 872 805 460 
400 547 654 540 48 943 766 319 875 651 
501 393 180 507 354 271 630 590 811 874 
612 190 636 31 70 315 141 929 608 771 
205 937 438 725 393 577 945 287 535 890 
870 541 907 416 987 383 953 489 453 935 
132 388 82 855 279 634 839 964 322 398 
838 743 55 264 320 449 528 987 530 468 
233 153 226 273 693 370 680 987 565 435 
629 975 756 198 544 239 341 194 563 493 
115 981 378 803 238 357 145 351 165 308 
670 383 606 134 749 38 112 796 404 96 
898 211 422 181 342 837 360 346 562 782 
739 338 546 898 170 851 675 14 708 276 
525 396 233 788 104 281 723 335 842 5 
153 921 774 151 614 528 344 4 172 935 
281 566 801 780 157 842 35 574 703 864 
227 121 344 160 9 635 687 557 244 399 

348 352 914 287 374 816 687 181 662 533 
959 424 66 515 796 182 23 154 849 986 
786 14 948 555 157 829 432 986 261 615 
182 194 223 770 922 623 390 354 641 491 
213 166 859 874 734 250 128 253 713 389 
661 191 301 171 792 336 20 192 499 735 
390 525 944 818 863 405 658 473 723 421 
100 653 491 811 761 842 397 566 40 903 
53 147 375 644 804 803 390 715 283 62 
285 382 245 187 576 159 361 546 49 576 
913 308 435 23 163 739 663 30 156 779 
511 346 514 602 266 845 471 559 106 997 
582 101 612 955 489 29 692 487 934 418 
711 611 598 70 715 14 918 25 584 747 
570 57 549 810 399 918 844 131 12 182 
594 214 2 190 94 893 971 932 651 422 
80 524 36 224 903 375 921 579 614 724 
781 668 751 415 36 22 607 713 210 21 
952 75 23 47 648 580 279 308 21 74 
291 38 245 48 642 175 537 26 43 782 
988 820 914 569 163 593 549 304 133 532 
966 779 147 711 227 418 309 235 996 381 
523 876 240 96 787 791 894 460 454 835 
456 657 58 632 303 31 845 737 433 578 
559 497 103 868 725 870 569 483 265 338 

440 753 464 548 82 235 599 32 860 121 
746 818 749 680 231 947 673 279 981 386 
16 716 76 573 150 448 72 329 686 949 
253 162 968 923 541 632 56 782 371 412 
155 176 174 301 310 753 177 710 273 343 
829 692 375 65 123 390 112 333 587 359 
170 982 689 125 138 196 115 337 413 685 
811 626 879 602 377 695 89 647 567 847 
407 159 608 635 45 558 767 536 616 22 
788 632 742 25 888 975 931 865 936 306 
950 11 312 586 47 375 18 117 448 724 
988 285 559 571 77 104 308 664 152 979 
72 612 847 643 231 424 916 848 240 841 
29 865 145 355 131 323 380 914 10 701 
960 570 686 660 734 11 256 801 985 907 
779 551 357 519 743 721 301 907 589 968 
378 324 974 637 294 173 700 870 85 316 
288 902 710 56 467 962 788 585 374 749 
931 695 215 168 620 321 643 430 265 567 
160 298 239 856 109 227 760 341 54 69 
588 643 929 22 510 71 100 222 178 149 
679 560 414 57 460 87 30 631 961 525 
523 628 145 621 857 929 42 362 522 280 
394 27 928 170 436 557 528 872 571 633 
78 97 951 532 918 269 826 823 263 911 

623 351 581 287 956 70 582 99 257 217 
566 418 402 698 566 341 789 578 578 34 
49 303 318 634 637 849 472 271 492 1 
477 444 94 963 391 797 924 632 527 250 
211 123 774 85 870 825 868 701 383 124 
85 371 393 120 379 969 101 309 641 181 
13 527 189 665 861 523 995 539 569 16 
321 272 46 898 322 426 171 911 736 236 
208 260 636 589 666 519 184 739 913 187 
848 659 337 671 135 293 760 713 391 690 
448 756 921 346 436 840 255 965 775 289 
990 602 314 957 25 574 650 881 318 26 
795 122 424 977 663 810 9 775 755 884 
132 295 91 757 631 956 580 292 885 813 
856 529 866 254 755 660 657 916 493 872 
742 995 443 845 432 364 927 678 112 993 
459 74 359 595 736 312 576 583 789 79 
707 195 545 212 361 115 661 524 945 896 
641 188 462 608 10 70 531 691 550 711 
714 685 215 868 390 380 309 418 875 34 
94 601 931 41 524 627 249 401 746 43 
882 891 734 88 206 623 261 488 149 777 
654 447 782 771 264 814 791 551 228 98 
374 861 151 537 262 236 763 230 394 303 
344 20 404 986 184 59 893 916 236 837 

55 946 150 125 47 361 1 159 537 528 
599 115 212 770 379 41 426 266 953 294 
248 170 476 37 10 784 387 956 963 896 
573 820 477 117 826 529 224 935 114 852 
233 801 204 401 233 551 855 181 713 351 
239 44 619 79 99 458 178 295 11 713 
262 147 537 914 402 628 479 700 749 580 
231 878 540 67 456 375 432 47 560 341 
701 407 119 453 530 641 759 973 876 681 
552 241 470 528 126 914 625 129 269 989 
264 274 758 240 406 768 574 245 800 94 
128 96 280 465 584 188 948 370 958 469 
143 238 634 705 830 707 70 538 337 590 
43 99 475 72 861 876 64 300 985 885 
727 526 177 169 120 83 550 878 745 129 
144 233 393 414 413 853 902 947 467 522 
86 203 27 969 673 678 664 960 596 978 
814 912 90 128 836 278 745 137 619 28 
582 386 193 552 182 246 219 864 956 395 
739 94 486 648 18 825 17 851 262 51 
774 952 688 324 331 451 253 935 864 233 
32 908 840 423 84 912 747 981 27 436 
230 216 976 487 874 106 679 1000 10 584 
485 314 50 888 290 301 80 919 870 25 
653 70 673 940 906 241 20 458 752 147 

6 492 1000 852 570 964 70 616 337 581 
499 750 42 392 227 743 612 611 932 491 
866 631 771 638 670 940 120 497 588 650 
164 641 829 605 389 931 327 564 865 375 
892 454 625 622 24 825 365 891 9 898 
171 587 415 192 59 323 824 697 670 136 
610 904 85 437 351 973 506 585 775 281 
987 432 510 75 0 34 731 825 974 225 
337 171 868 299 870 620 215 61 828 888 
359 429 292 811 272 807 570 394 544 125 
61 916 872 955 82 754 423 708 334 19 
930 765 315 890 972 463 656 81 281 955 
102 116 513 276 916 2 268 946 464 216 
556 759 348 714 245 544 52 365 231 726 
965 447 982 283 794 874 146 505 632 599 
314 998 581 263 640 727 151 162 0 618 
124 396 472 178 939 26 363 449 580 145 
826 326 876 667 509 259 897 660 288 661 
664 875 30 198 211 402 286 246 431 876 
792 718 682 268 627 97 8 950 81 411 
756 607 326 777 310 698 309 196 278 474 
705 605 698 41 334 62 861 92 488 253 
864 697 322 328 865 840 825 251 419 49 
990 874 173 583 323 832 199 1 520 514 
660 38 277 811 853 257 369 942 849 663 

961 337 576 627 85 595 131 750 662 391 
118 721 983 718 229 589 833 56 588 750 
749 916 973 194 776 876 293 361 595 485 
271 855 298 528 536 720 753 704 503 371 
624 166 113 609 772 533 818 194 240 646 
118 160 241 240 618 597 431 243 117 36 
704 48 820 213 735 639 138 583 233 348 
432 600 259 357 706 200 162 927 365 573 
678 683 632 820 357 103 301 341 410 326 
495 179 922 939 540 643 216 759 521 932 
936 425 885 801 639 941 825 815 937 129 
82 491 39 922 313 27 176 121 191 411 
413 195 700 527 893 963 514 816 11 331 
828 473 904 69 80 406 581 731 967 393 
984 910 183 661 834 265 887 617 37 398 
445 87 724 889 894 961 741 587 728 372 
643 368 198 928 940 597 832 801 956 465 
165 448 524 637 310 364 908 732 351 618 
277 57 741 281 160 98 606 882 149 534 
664 370 536 340 431 267 752 446 168 343 
73 210 709 155 927 636 683 601 921 753 
77 472 817 593 760 612 728 19 86 335 
333 90 546 708 800 521 835 653 316 138 
483 189 93 16 741 288 257 497 137 293 
393 315 879 268 175 165 700 124 543 809 

413 47 50 202 811 398 414 469 216 703 
967 52 206 187 536 206 435 985 71 802 
736 801 360 815 365 344 890 32 747 413 
290 47 84 376 906 145 365 112 213 289 
205 766 293 379 359 644 280 104 806 579 
455 817 989 450 905 597 405 933 508 728 
511 760 231 958 809 76 166 415 162 133 
695 941 789 498 515 308 635 121 24 312 
425 303 39 828 16 968 389 17 278 125 
945 249 992 345 780 178 96 167 182 608 
624 500 402 722 62 976 911 668 35 426 
783 568 889 773 76 843 468 69 124 609 
309 802 241 211 498 201 476 580 397 300 
721 230 403 189 54 162 381 997 984 396 
335 435 100 784 744 991 134 875 435 443 
183 443 898 629 996 923 29 90 164 648 
848 607 144 295 552 18 18 218 76 174 
797 414 32 488 615 703 651 698 710 400 
543 254 10 93 702 881 790 584 808 859 
495 418 321 895 164 894 241 709 665 180 
523 159 642 546 563 377 331 549 69 955 
975 930 762 589 175 451 377 732 638 564 
459 92 995 759 917 907 60 381 818 860 
481 425 557 791 985 897 551 824 919 579 
797 289 448 154 399 607 683 435 787 867 

164 949 500 968 967 212 365 554 348 471 
886 217 372 976 240 863 927 454 599 54 
86 659 227 209 366 292 14 204 84 493 
250 322 125 544 745 850 364 995 700 58 
112 30 464 983 627 182 934 7 761 978 
888 79 752 866 59 793 264 818 573 338 
746 823 635 92 762 693 740 753 731 351 
508 816 338 412 803 426 662 67 275 617 
152 817 668 994 270 250 432 773 996 490 
494 202 224 104 371 850 313 161 861 232 
597 311 915 354 346 43 859 462 945 48 
141 224 998 812 669 769 178 316 91 51 
998 463 158 9 787 582 354 235 740 367 
435 575 875 271 867 674 248 371 296 23 
827 650 775 366 773 488 190 150 968 656 
893 827 924 154 909 695 16 440 122 786 
323 874 970 850 121 853 148 933 902 789 
272 87 358 566 526 827 117 276 949 780 
705 327 86 390 772 58 450 524 17 647 
560 256 563 212 667 405 553 186 639 76 
538 594 137 131 474 463 155 152 400 390 
395 560 873 301 502 144 820 416 206 114 
937 313 472 138 830 875 545 539 100 424 
833 554 254 121 233 457 24 980 190 840 
482 846 758 530 886 573 784 420 525 503 

314 583 661 544 898 385 112 108 337 782 
52 483 520 806 635 451 284 349 420 549 
751 769 25 591 361 894 21 522 202 607 
49 155 359 734 748 821 217 837 745 489 
935 339 946 595 157 759 481 550 884 676 
606 494 960 373 897 959 483 623 636 559 
811 557 157 775 569 767 154 170 736 409 
78 461 919 16 986 632 515 926 832 66 
357 516 228 1 474 86 512 519 586 147 
832 157 531 88 812 612 136 923 471 412 
477 677 966 479 515 91 79 84 173 955 
446 827 268 972 237 19 889 861 289 296 
930 574 487 496 200 778 808 600 352 607 
72 343 819 244 315 286 382 363 558 441 
495 961 396 19 707 116 572 698 278 225 
662 450 982 492 790 982 16 904 448 663 
711 965 279 234 538 546 269 360 854 194 
594 727 875 997 450 866 303 173 381 308 
592 243 719 76 320 241 367 901 814 303 
963 345 388 173 833 358 987 679 152 544 
476 608 553 613 505 225 61 410 109 519 
500 661 472 666 678 240 657 671 640 553 
668 155 543 208 325 39 323 316 441 727 
564 682 16 992 886 471 226 631 676 847 
820 78 861 573 471 993 657 548 583 138 

