500 10 5

742 734 1042 548 515 594 1039 975 788 992 
840 745 683 499 881 647 321 507 411 228 
379 1134 433 1154 772 1011 630 357 570 692 
673 398 72 768 665 579 808 931 844 638 
386 183 1018 600 750 508 658 837 826 731 
449 895 387 889 566 651 481 882 656 906 
907 880 549 583 1125 999 756 818 765 492 
736 830 968 534 944 498 529 93 655 201 
627 769 744 179 416 592 220 790 362 666 
765 915 755 597 660 737 355 303 855 567 
742 680 858 364 407 927 804 394 585 597 
674 754 873 708 868 628 729 80 640 651 
884 516 661 997 749 952 174 403 537 868 
708 561 301 880 765 576 971 675 751 658 
541 648 736 566 671 602 828 344 851 863 
559 553 450 543 397 620 496 860 815 879 
1283 971 807 828 494 395 546 495 888 822 
1356 759 928 627 605 625 654 836 772 696 
518 789 958 445 416 592 996 891 596 423 
268 644 740 635 478 976 308 305 690 600 
657 1006 789 569 489 949 379 536 428 574 
716 795 1013 700 910 404 989 704 894 389 
356 745 958 383 1015 731 1028 612 288 666 
896 843 866 600 120 735 872 936 732 936 
554 702 1144 334 455 913 851 535 823 712 
648 788 407 661 729 926 679 104 690 208 
777 383 756 475 641 733 678 891 798 593 
1073 851 338 749 265 543 392 718 1038 636 
522 956 428 791 792 617 760 339 675 358 
280 459 919 826 464 402 799 838 479 241 
684 1013 685 957 629 784 896 283 712 775 
963 998 879 676 845 508 654 323 464 496 
814 1194 870 869 910 647 578 639 812 800 
653 648 792 754 478 1014 520 781 878 702 
894 704 745 776 1096 571 856 764 566 725 
352 797 666 652 645 372 907 783 744 664 
578 720 534 928 1051 670 419 602 538 369 
591 246 499 681 655 279 794 683 1200 417 
405 921 575 594 914 730 968 685 629 203 
523 958 923 734 497 772 790 601 826 802 
465 728 595 634 579 792 945 492 776 606 
505 465 127 491 459 478 513 644 798 252 
536 516 69 480 956 906 676 1062 743 786 
688 533 394 1131 552 836 852 996 749 829 
452 693 714 586 373 251 923 1005 660 700 
583 791 893 552 581 582 769 456 1295 1238 
448 821 514 515 697 617 379 405 950 738 
403 919 553 187 443 653 587 235 741 549 
740 808 1000 403 890 532 146 941 645 404 
704 556 875 528 242 787 899 934 604 604 

189939 184291 187091 191550 190004 179067 180491 192026 180146 183641 

190498 183642 188471 181581 188384 
857 982 295 645 730 459 40 998 751 640 
806 915 86 34 418 822 469 7 154 64 
332 663 444 650 819 597 348 828 421 91 
237 574 258 776 713 95 205 443 792 129 
738 492 698 433 62 359 157 783 643 584 
885 58 802 965 359 384 375 550 140 936 
267 653 85 297 396 902 891 870 652 861 
491 208 860 41 324 98 215 124 761 754 
927 816 540 492 727 969 41 62 37 348 
790 203 902 467 187 185 502 94 597 130 
351 704 506 290 821 943 180 437 586 985 
542 990 606 159 152 302 789 499 162 483 
182 752 370 781 615 333 309 231 154 993 
56 585 309 862 276 992 204 830 682 994 
479 654 956 147 83 508 367 977 394 202 
930 152 370 264 176 141 261 947 293 290 
574 751 178 270 334 46 545 401 778 78 
935 634 229 739 228 354 404 505 363 21 
446 856 394 739 272 365 889 539 890 293 
282 154 402 497 333 926 196 327 897 774 
887 502 34 773 669 672 420 66 267 765 
931 489 115 827 905 551 441 511 716 247 
580 483 261 552 624 101 576 923 461 603 
220 998 290 200 458 306 127 476 670 980 
477 647 623 757 599 845 654 825 76 367 
713 859 443 988 516 611 102 108 884 109 
194 432 11 665 860 938 914 985 195 305 
953 655 493 185 912 450 594 228 908 972 
259 339 464 980 785 874 177 324 885 110 
223 883 954 895 532 232 349 230 559 579 
728 902 14 587 113 690 956 743 758 657 
464 797 412 580 705 4 12 563 907 690 
828 371 483 733 567 505 657 858 924 98 
242 103 847 370 971 441 322 681 605 364 
81 636 731 46 144 681 629 411 956 73 
746 38 740 899 239 860 119 828 561 104 
866 8 500 662 631 638 482 281 215 423 
698 290 747 566 190 327 942 980 883 160 
483 778 734 167 773 446 755 783 962 25 
493 697 335 398 324 143 730 995 273 105 
1 853 459 353 510 669 856 487 871 788 
802 531 487 647 519 510 959 435 287 343 
177 152 771 534 602 685 626 218 286 623 
682 548 304 953 337 864 80 762 585 238 
715 161 645 589 361 9 590 434 745 108 
243 395 644 321 789 142 124 29 542 576 
171 995 45 175 860 148 2 455 434 789 
305 461 297 826 889 181 224 782 738 939 
156 840 256 811 203 772 9 522 469 335 
896 993 291 479 840 957 52 70 280 543 

579 286 16 435 162 561 471 939 997 247 
291 730 167 286 109 16 725 569 969 537 
549 409 201 956 44 500 316 563 145 863 
450 559 20 380 791 913 662 813 480 817 
328 276 953 142 99 312 810 754 115 440 
509 219 459 876 424 577 862 912 330 531 
514 647 480 256 757 329 5 742 333 541 
995 12 897 869 196 680 152 524 591 784 
5 632 307 305 408 264 221 217 139 324 
273 565 185 982 330 401 54 676 874 475 
822 914 784 278 111 850 868 551 406 740 
68 882 523 59 348 162 483 380 704 251 
833 8 377 72 60 940 344 82 438 165 
918 831 658 309 999 686 179 403 354 60 
356 750 850 145 828 456 457 327 421 474 
905 143 865 595 946 92 459 801 323 404 
702 291 729 394 17 380 89 557 269 304 
341 750 843 323 231 220 344 918 761 503 
70 769 313 374 186 775 589 834 512 588 
826 255 134 216 740 989 186 456 116 762 
348 689 125 494 355 739 429 4 993 367 
460 795 926 1 638 208 245 363 521 673 
65 767 261 306 517 690 918 535 102 377 
370 726 113 821 538 171 259 183 883 944 
189 617 827 242 596 113 746 460 986 535 
725 154 774 849 796 317 668 59 606 657 
348 191 826 888 524 22 789 989 341 653 
722 808 613 78 204 516 105 259 956 962 
921 290 28 220 713 481 287 761 667 257 
151 378 86 690 684 9 804 971 317 397 
958 54 992 613 976 212 777 530 357 333 
581 867 985 758 859 519 368 593 279 733 
553 349 270 891 426 106 297 96 442 243 
473 938 121 34 735 926 720 148 497 988 
831 209 315 574 915 889 419 796 36 855 
235 41 935 991 220 555 824 951 239 477 
422 704 379 861 20 520 142 868 315 838 
692 136 960 733 312 340 478 533 749 499 
964 612 611 582 381 896 866 363 618 409 
8 33 223 112 227 813 424 578 861 342 
193 58 226 785 520 730 715 132 403 592 
728 778 977 489 783 268 258 206 71 778 
790 944 91 123 894 820 279 378 980 319 
532 269 355 481 803 212 703 1 52 7 
218 99 4 116 83 780 815 562 128 122 
611 128 973 692 360 732 139 773 641 541 
521 295 411 656 529 137 432 868 44 320 
843 804 411 679 369 462 634 62 228 944 
652 436 30 446 374 68 679 787 766 505 
487 918 455 801 515 760 475 578 192 294 

727 440 760 379 269 314 847 939 397 351 
228 751 921 68 176 627 154 162 601 841 
542 449 531 828 374 111 11 620 144 558 
3 44 586 89 468 909 577 813 143 528 
253 407 481 494 53 529 506 272 49 340 
364 693 500 93 92 759 213 703 291 596 
825 884 89 765 795 739 550 585 615 112 
655 455 962 966 106 846 201 925 779 148 
979 180 130 160 935 53 259 600 557 803 
435 65 534 956 746 810 715 302 278 384 
927 507 465 272 163 972 376 422 12 719 
827 888 439 696 50 913 640 769 262 638 
870 377 211 722 15 534 343 163 818 202 
380 833 88 350 652 2 913 113 321 926 
864 967 554 363 110 418 429 336 671 809 
103 98 495 67 76 744 579 737 551 974 
919 71 40 781 634 425 905 69 843 821 
591 847 931 852 936 541 15 616 561 902 
116 101 621 835 425 791 708 930 498 279 
650 102 787 516 131 787 903 268 446 298 
539 968 360 457 117 384 22 95 596 3 
664 634 22 860 960 177 764 678 477 25 
310 998 224 264 765 123 443 35 725 614 
109 216 391 401 422 42 360 929 395 328 
403 35 872 805 238 504 336 85 31 832 
903 628 813 560 393 118 383 219 994 422 
661 953 29 984 744 250 329 981 90 985 
14 249 636 144 315 470 108 968 574 382 
323 565 264 355 840 219 886 256 975 107 
255 467 70 972 646 161 285 313 551 663 
467 334 378 265 841 970 273 541 703 315 
264 669 920 933 993 375 183 592 501 133 
597 765 850 635 810 878 8 243 583 368 
250 499 989 425 820 649 512 897 16 875 
896 971 608 337 213 736 979 872 201 192 
344 909 115 983 396 245 230 777 931 895 
854 469 272 446 806 763 213 680 953 53 
737 720 55 718 341 787 476 982 565 349 
447 817 590 145 575 459 428 402 949 131 
608 949 193 346 459 786 174 746 806 966 
886 6 549 267 43 166 807 282 626 655 
15 558 272 396 487 800 137 399 169 457 
845 461 766 867 346 469 34 815 775 599 
846 588 445 836 555 796 990 281 887 23 
466 947 585 571 526 217 124 539 611 220 
301 851 295 184 205 52 398 287 982 843 
623 906 957 258 343 63 779 140 517 160 
67 609 138 561 147 246 318 160 123 657 
147 82 728 39 939 538 565 837 88 224 
901 505 695 843 67 855 475 950 702 146 

51 956 141 808 739 179 870 220 259 697 
950 618 82 121 736 493 680 892 22 193 
566 216 153 447 462 178 408 195 546 507 
722 679 974 947 436 325 709 920 537 687 
219 428 140 55 327 914 607 774 919 438 
361 485 329 103 17 405 198 575 821 727 
748 180 233 690 935 774 888 727 599 415 
388 855 104 777 533 768 748 83 539 689 
88 728 669 555 753 5 229 595 668 753 
681 834 545 699 10 147 381 669 505 55 
378 738 423 250 7 527 810 956 782 388 
958 367 578 906 106 339 629 18 213 787 
603 562 436 300 888 694 589 571 954 456 
368 212 125 239 258 651 363 592 721 987 
288 407 975 183 582 12 904 12 862 446 
82 834 65 673 606 846 770 79 658 962 
860 87 92 807 338 711 734 151 794 939 
556 934 464 619 623 370 788 142 831 78 
4 569 170 306 79 885 319 592 134 740 
593 710 35 569 133 79 855 155 146 865 
493 431 978 964 695 784 620 871 148 752 
799 282 950 643 199 626 933 592 472 57 
270 6 531 154 680 40 787 973 164 849 
477 990 611 222 419 949 941 102 448 718 
109 658 721 463 13 435 416 467 410 312 
567 697 344 717 455 715 491 763 654 528 
403 514 402 208 333 662 152 930 113 284 
738 728 384 267 116 702 153 387 453 285 
95 855 646 369 708 689 645 371 428 826 
638 792 50 846 814 519 339 857 287 347 
932 716 274 732 180 349 808 942 905 682 
167 390 764 923 588 96 524 178 997 578 
250 908 252 374 770 285 762 706 573 805 
474 807 70 60 136 883 970 30 461 527 
758 15 100 40 528 581 114 839 902 952 
631 879 143 283 543 657 570 479 519 337 
242 635 432 86 774 190 253 348 258 32 
276 506 776 291 718 347 692 486 478 189 
530 755 892 602 624 885 631 818 107 820 
276 533 51 531 257 361 709 952 311 848 
276 665 59 95 438 87 476 206 360 116 
778 906 514 539 507 860 408 708 476 808 
149 908 217 429 199 38 45 743 419 403 
920 886 287 603 156 372 338 793 982 993 
363 848 645 687 836 232 963 781 541 566 
110 675 648 854 446 482 688 826 500 745 
559 112 375 983 516 108 518 124 482 474 
836 709 567 114 855 628 361 506 903 579 
496 940 870 404 363 444 220 163 476 392 
631 46 202 853 428 746 755 573 633 532 

454 171 791 834 561 242 184 223 832 240 
188 953 80 598 931 379 775 741 321 729 
323 592 285 727 764 611 288 799 523 982 
830 951 23 666 54 166 740 384 248 907 
106 828 835 684 526 740 237 687 403 248 
151 755 719 409 614 803 77 650 81 783 
605 144 507 666 837 720 288 756 454 284 
736 277 223 332 853 574 402 87 876 280 
488 447 869 65 414 117 842 690 84 138 
161 657 513 993 370 831 888 69 615 505 
856 581 943 567 566 98 169 975 236 485 
704 279 846 96 555 804 424 651 497 741 
610 291 799 398 326 58 194 70 583 657 
75 31 593 973 165 713 401 908 167 254 
819 679 418 275 941 861 209 667 31 771 
484 171 662 229 723 301 317 226 595 102 
443 171 394 806 811 515 306 282 406 524 
919 99 744 700 784 957 116 916 56 831 
241 828 474 669 290 888 118 679 94 747 
493 887 172 45 294 781 148 390 878 546 
605 216 954 447 794 710 876 716 364 414 
7 559 863 72 979 322 260 107 318 627 
920 692 881 482 513 150 878 764 44 608 
626 874 671 697 718 321 787 228 373 344 
789 251 430 900 432 37 47 83 684 704 
189 793 165 493 589 414 931 334 10 44 
669 303 436 106 924 191 653 994 337 366 
724 34 142 996 381 685 749 925 870 143 
555 774 442 610 154 942 219 76 234 724 
938 228 685 437 734 480 564 594 582 57 
20 595 751 681 288 263 836 530 878 990 
640 558 513 852 549 294 482 190 746 331 
109 354 670 941 788 560 783 407 134 82 
321 119 678 981 280 814 275 573 763 836 
147 850 926 553 542 452 670 379 235 983 
450 371 661 534 831 126 708 121 920 692 
595 271 143 339 413 178 277 360 727 494 
51 322 843 479 295 287 577 828 886 652 
534 887 684 397 802 786 804 744 595 393 
247 313 555 289 702 661 362 204 248 720 
915 265 275 189 591 214 691 321 132 445 
499 446 995 136 334 705 932 372 892 538 
706 6 14 414 734 472 648 582 852 969 
1 157 992 872 235 725 974 983 130 614 
364 744 967 651 729 248 898 525 490 229 
858 340 488 185 4 306 963 364 316 845 
548 139 950 104 525 274 115 768 74 74 
933 831 84 907 505 171 649 872 943 796 
333 574 147 695 422 746 305 701 490 20 
730 283 74 344 49 160 195 407 628 640 

769 599 954 499 442 95 481 229 626 785 
341 547 732 597 128 235 252 401 613 248 
445 938 138 743 85 969 856 629 26 718 
868 749 667 798 195 619 775 676 952 297 
798 817 805 749 304 699 930 374 217 150 
160 994 66 125 173 626 967 62 701 680 
994 561 389 286 874 503 423 286 530 762 
196 704 99 929 813 71 545 256 64 83 
823 657 19 156 10 796 457 347 365 495 
519 648 418 566 734 691 292 906 246 68 
268 673 415 721 657 905 991 51 599 852 
266 575 67 641 565 349 276 145 72 642 
498 500 319 806 731 343 63 261 785 791 
577 166 197 473 32 245 170 193 730 161 
257 351 192 388 216 952 782 126 514 338 
17 496 236 669 411 825 549 938 64 771 
787 301 398 947 173 202 391 187 60 761 
262 40 656 57 491 842 564 261 422 670 
250 520 981 213 556 418 949 546 831 681 
42 550 920 406 303 484 163 108 293 708 
16 241 891 728 348 249 961 40 136 367 
77 637 428 580 106 880 626 291 620 744 
954 570 60 245 609 736 883 176 784 951 
224 287 221 88 226 434 228 185 628 638 
220 432 948 548 337 844 994 137 645 424 
952 60 870 350 334 521 5 445 642 432 
996 162 362 724 892 120 713 301 145 632 
435 309 367 438 1 322 145 921 163 873 
310 313 313 837 482 277 304 825 61 115 
548 523 710 223 874 300 741 744 106 106 
755 261 782 276 626 963 46 120 436 859 
127 63 117 277 376 819 39 47 98 158 
457 620 482 121 183 517 312 383 976 727 
228 560 897 562 526 84 309 477 962 429 
905 914 782 931 753 534 115 687 669 332 
533 534 137 958 859 371 14 939 452 355 
68 199 512 775 525 925 441 988 991 277 
702 210 361 854 782 22 475 122 580 984 
147 548 111 292 772 722 399 513 757 131 
526 619 522 111 156 32 700 256 529 869 
513 252 288 54 796 423 400 896 267 675 
194 727 130 319 562 550 371 401 894 489 
74 939 455 428 569 542 434 779 905 665 
477 86 443 416 50 490 777 573 437 664 
608 951 613 563 154 13 533 444 597 1 
512 414 974 420 78 752 707 397 992 862 
266 9 661 319 148 610 155 445 58 1000 
844 222 11 535 638 540 635 206 360 663 
220 963 653 797 648 374 459 647 926 245 
248 836 488 121 145 265 726 570 75 783 

500 607 261 19 252 372 603 643 868 985 
604 446 198 15 862 552 633 578 118 184 
18 404 690 114 690 807 450 171 766 552 
122 233 82 44 785 518 67 300 918 792 
30 112 511 817 523 781 450 295 649 550 
960 755 505 395 412 819 642 316 783 838 
663 12 912 226 194 166 734 504 527 680 
62 538 712 626 251 49 685 477 105 505 
224 19 415 769 401 26 279 700 453 944 
576 849 535 694 902 131 341 572 582 8 
361 768 587 833 852 774 215 270 202 142 
283 134 69 689 301 650 522 233 300 447 
422 891 413 805 767 933 83 179 906 72 
256 382 168 948 118 102 32 246 483 87 
90 946 280 231 545 472 657 908 878 312 
714 148 419 869 102 89 239 731 287 771 
691 984 140 763 205 428 117 96 716 776 
824 964 631 184 465 84 587 792 211 73 
43 615 137 58 733 334 139 942 862 143 
418 10 837 301 74 70 64 472 818 575 
250 5 460 78 63 671 277 75 316 48 
147 689 321 390 258 601 532 182 709 315 
45 584 220 400 371 64 818 8 529 544 
828 397 624 854 305 924 963 657 227 62 
964 82 802 387 50 477 299 138 863 52 
451 712 459 296 206 310 499 447 589 601 
951 628 291 119 942 681 958 86 98 445 
902 997 643 245 503 280 292 307 326 892 
655 794 693 494 506 181 262 115 774 443 
290 351 643 835 423 935 958 359 475 861 
37 466 187 303 344 96 33 334 376 674 
10 791 716 535 219 964 152 201 814 520 
860 716 281 852 949 639 280 972 534 968 
600 633 76 745 43 573 940 941 563 1000 
429 729 255 397 502 306 501 51 789 674 
357 164 604 674 378 480 476 103 991 759 
719 796 302 33 543 131 39 494 719 291 
250 812 5 447 877 971 348 421 700 394 
915 282 228 392 199 701 549 394 329 650 
451 527 368 875 699 549 29 134 742 994 
80 633 711 786 990 934 692 411 934 398 
663 722 448 295 65 179 485 157 523 770 
108 298 468 837 290 981 369 382 87 555 
632 634 536 432 715 794 768 884 893 548 
894 734 230 314 109 346 350 901 181 610 
411 105 677 653 82 24 637 330 879 819 
836 322 653 141 247 665 485 190 916 587 
439 615 666 902 393 930 113 659 330 871 
656 140 548 911 931 220 941 985 440 417 
413 701 590 723 430 876 20 746 237 411 

114 689 898 244 643 348 832 419 709 50 
397 569 390 34 729 18 262 560 534 855 
381 644 916 579 995 638 817 438 777 68 
571 915 466 967 910 769 561 265 220 412 
873 463 711 642 743 790 663 509 560 823 
116 634 18 690 482 630 891 307 280 755 
83 999 79 174 643 485 419 160 35 285 
611 558 76 202 504 602 722 183 287 549 
207 826 87 27 559 210 201 45 920 562 
122 460 389 187 506 746 46 971 674 553 
562 552 823 824 360 627 385 202 216 892 
690 788 620 673 79 369 557 302 80 264 
680 827 415 889 253 416 819 442 339 977 
529 19 821 418 823 427 955 226 193 289 
992 647 951 962 246 364 868 165 980 572 
279 816 107 654 608 705 652 518 442 387 
681 647 378 263 302 979 35 670 893 846 
680 415 699 846 302 822 727 955 767 622 
676 838 255 244 795 418 915 812 906 765 
951 728 265 253 220 155 675 771 572 106 
935 929 830 301 865 634 967 672 501 398 
926 45 604 658 542 877 438 857 930 979 
518 941 914 158 11 659 592 274 724 842 
1 837 873 506 771 299 434 668 91 833 
272 237 267 209 373 33 974 362 925 834 
12 677 337 502 820 391 639 321 100 826 
883 215 345 522 763 968 400 696 925 506 
504 944 474 71 621 523 471 243 766 596 
175 36 361 10 90 183 611 227 596 287 
962 419 694 356 550 599 620 69 219 948 
275 989 496 430 337 934 285 329 33 241 
590 794 141 745 785 251 923 930 153 945 
827 732 929 365 349 8 16 292 261 151 
38 912 300 701 42 962 53 145 233 374 
540 257 342 956 735 599 93 608 322 893 
301 145 307 426 825 842 690 586 597 842 
766 919 736 379 463 130 574 301 848 151 
907 800 656 196 71 99 901 135 700 688 
423 970 296 748 277 728 778 727 131 788 
71 576 942 670 266 6 573 812 213 990 
208 994 890 455 389 242 47 559 846 177 
861 267 780 799 904 385 705 125 60 70 
41 748 204 70 630 290 114 920 622 723 
533 821 117 304 70 820 626 251 464 918 
275 678 370 754 519 694 743 545 823 163 
176 550 363 580 150 221 166 796 914 881 
177 815 800 675 57 843 871 542 672 358 
273 619 155 948 859 28 184 13 956 731 
894 280 237 16 226 138 52 941 382 28 
65 586 223 16 197 679 306 961 93 205 

942 141 274 579 720 124 262 602 201 21 
71 231 447 741 427 20 102 255 975 693 
141 954 271 362 392 533 668 50 873 603 
73 26 501 151 796 40 928 238 589 387 
104 30 376 118 202 170 770 744 343 739 
205 957 35 134 612 474 660 712 773 483 
261 74 218 157 757 683 317 490 539 146 
455 1000 614 25 543 784 214 320 826 774 
484 838 184 534 226 720 704 354 650 176 
65 763 775 268 7 149 534 779 775 272 
811 528 476 919 26 732 701 635 500 997 
228 398 638 80 575 7 296 224 468 600 
635 292 550 457 911 442 995 722 535 150 
561 442 726 959 412 331 285 624 969 98 
108 370 679 767 564 201 498 977 398 750 
199 446 998 102 390 613 733 444 803 533 
345 787 987 913 300 377 559 818 751 613 
851 682 581 735 491 506 672 145 225 363 
180 529 193 60 540 924 736 672 32 18 
128 869 428 891 822 613 47 5 518 132 
128 122 611 150 728 980 512 101 248 600 
788 333 785 851 890 545 637 519 661 250 
633 428 739 954 895 103 56 484 277 731 
727 194 999 785 129 579 853 585 662 747 
692 230 604 144 390 899 730 869 81 392 
923 353 88 601 707 646 203 109 603 25 
263 34 700 555 133 209 46 835 523 621 
165 266 54 675 544 68 362 680 530 937 
79 253 740 704 980 291 944 270 224 270 
294 49 772 452 21 240 874 746 920 30 
572 58 854 650 796 550 472 392 175 332 
640 357 416 327 782 108 390 377 434 20 
477 922 185 390 141 183 576 368 213 955 
1 131 93 151 632 827 190 449 404 724 
723 813 486 831 524 278 411 624 893 331 
698 255 59 681 556 128 666 716 94 531 
791 606 528 586 913 819 171 127 694 170 
813 225 470 444 99 538 250 514 907 625 
99 448 862 40 482 67 840 966 675 972 
608 954 128 513 357 164 886 40 751 43 
642 27 89 302 610 906 280 283 787 187 
772 273 110 154 128 302 673 880 155 320 
223 389 221 796 855 630 105 416 133 916 
493 473 483 538 386 915 597 469 435 276 
207 121 200 280 295 463 999 906 137 896 
847 927 167 536 877 850 21 955 307 447 
502 377 283 248 80 201 239 577 616 998 
278 429 765 420 605 836 517 521 516 883 
26 563 715 842 90 877 824 611 786 929 
722 608 640 477 387 601 410 486 408 352 

186 253 824 53 294 395 789 760 137 758 
861 434 676 377 712 602 74 932 383 208 
421 969 728 339 924 634 836 932 561 610 
573 551 484 50 465 628 274 104 543 346 
83 39 755 926 462 505 12 62 997 813 
176 936 383 233 997 97 225 318 270 39 
805 461 407 806 790 565 593 499 832 274 
580 674 474 284 455 591 713 861 249 630 
467 760 437 28 472 858 351 354 217 898 
866 428 989 976 964 766 575 334 976 249 
746 912 834 680 464 237 592 134 636 100 
205 963 358 605 933 115 136 188 768 669 
298 334 174 699 146 529 62 398 345 485 
919 95 597 236 395 245 698 75 566 658 
785 853 426 805 804 540 40 229 702 543 
750 850 365 410 516 459 884 705 668 687 
98 274 565 652 460 204 110 873 627 492 
922 668 126 426 71 915 437 117 135 339 
611 523 419 26 345 806 51 645 762 135 
207 400 866 12 362 705 445 218 211 547 
657 81 434 603 507 169 61 69 387 943 
504 812 486 864 655 340 199 258 11 127 
685 821 789 625 178 909 598 973 617 188 
154 339 461 793 24 536 122 875 2 364 
348 292 437 953 529 350 256 720 311 398 
700 252 668 346 752 467 58 764 865 576 
616 235 315 570 743 638 611 242 113 81 
656 447 209 491 829 697 353 204 943 183 
168 914 959 690 145 198 583 814 26 200 
596 35 497 456 63 111 702 519 27 362 
968 761 6 214 121 459 112 917 457 164 
429 457 219 621 2 817 426 377 994 104 
169 971 757 573 197 689 917 619 803 164 
568 6 521 404 260 115 37 782 326 884 
215 405 577 125 640 465 351 945 936 90 
153 796 536 419 158 279 300 215 621 837 
238 428 443 153 554 474 10 915 405 330 
816 806 116 614 243 787 943 677 293 20 
514 291 148 431 671 249 446 176 965 594 
839 454 998 225 626 481 963 643 841 632 
633 872 996 292 64 153 667 60 831 384 
28 919 113 138 756 804 149 758 806 225 
305 826 459 549 804 130 935 302 990 327 
24 601 928 233 588 350 74 660 82 647 
41 308 989 388 797 537 975 488 811 832 
260 17 8 119 290 146 640 774 489 97 
825 382 518 407 763 131 919 922 812 985 
174 733 804 527 982 410 813 598 495 381 
993 488 906 313 945 961 827 894 521 150 
248 49 469 712 205 721 105 879 86 355 

556 736 301 111 704 408 163 315 670 457 
357 916 614 60 373 182 129 767 896 178 
975 226 404 833 575 340 321 580 425 955 
739 473 946 666 630 462 841 2 778 714 
855 768 141 847 325 765 10 162 208 981 
638 184 124 910 332 634 555 55 396 23 
171 310 181 378 600 742 275 601 951 731 
166 659 15 230 577 807 420 862 974 991 
795 938 792 647 59 991 759 627 328 902 
629 510 103 788 73 379 573 783 310 38 
700 342 533 681 300 205 855 69 523 311 
669 887 130 177 103 110 623 985 69 61 
511 331 493 688 307 751 731 797 726 939 
813 341 713 335 15 43 335 850 303 288 
492 577 626 7 768 693 170 199 304 650 
644 258 363 631 924 780 987 221 11 415 
19 345 860 357 174 915 242 575 719 793 
462 663 152 893 471 614 581 911 868 579 
373 665 634 412 254 432 273 281 561 643 
781 83 755 271 873 146 670 703 90 63 
712 67 555 835 405 178 923 591 723 351 
505 178 427 532 72 850 539 892 386 394 
778 173 462 0 153 641 470 370 554 141 
800 585 345 872 956 560 805 585 222 460 
130 236 400 660 637 547 237 406 654 62 
512 540 699 714 48 360 433 943 716 413 
766 113 490 319 636 210 875 838 699 651 
34 953 501 907 776 393 361 537 180 629 
713 507 405 479 354 174 928 271 187 692 
630 483 329 590 868 967 811 934 412 874 
207 472 612 137 798 190 719 608 636 437 
58 31 559 309 70 712 907 315 941 637 
141 847 80 929 279 611 608 990 106 771 
44 530 205 858 339 937 165 37 438 362 
35 725 684 71 393 784 479 577 290 311 
945 649 296 287 932 10 535 391 298 890 
145 979 870 57 51 541 296 616 907 870 
337 416 657 514 987 789 961 383 129 229 
953 239 863 489 470 842 453 9 847 935 
308 220 132 508 462 388 598 646 82 270 
377 855 958 57 279 368 549 634 251 72 
839 986 749 964 397 630 322 479 712 398 
832 799 838 915 496 743 317 788 55 792 
828 264 275 409 320 937 304 449 156 170 
528 238 478 987 828 741 530 569 563 468 
133 251 233 993 868 153 269 945 226 36 
830 273 569 161 693 639 667 370 889 588 
680 35 806 987 549 208 565 382 334 435 
362 406 629 459 653 975 684 98 756 996 
598 198 606 556 544 556 538 239 875 602 

413 494 348 63 799 352 111 889 914 312 
153 287 888 424 374 650 711 816 111 774 
687 279 191 181 890 484 662 995 718 533 
81 879 959 989 678 424 623 986 66 449 
458 515 486 726 796 398 624 182 153 272 
23 598 392 154 253 691 849 842 414 986 
189 41 786 540 227 14 608 125 948 638 
256 555 60 673 157 75 495 829 687 438 
432 476 101 986 350 733 261 409 956 615 
463 265 182 989 616 194 959 842 223 968 
551 770 650 952 922 603 222 623 879 770 
390 960 485 354 21 581 641 729 143 491 
92 355 213 56 862 166 63 27 859 109 
303 874 914 633 734 888 903 250 679 125 
128 413 79 253 568 96 713 871 597 389 
28 91 661 57 832 191 216 113 301 795 
103 171 356 671 792 536 560 336 91 549 
20 21 893 192 994 111 499 334 422 735 
300 995 390 470 198 525 326 794 944 837 
922 818 292 616 863 783 814 405 641 555 
658 505 64 473 292 465 723 123 713 421 
605 554 100 72 664 653 21 676 491 463 
71 811 393 896 761 428 793 842 911 609 
397 729 483 566 612 543 40 731 575 903 
247 839 53 960 667 147 793 557 375 938 
348 644 192 370 804 78 519 803 145 770 
390 655 72 715 286 873 283 748 7 62 
479 231 285 605 670 382 614 84 245 551 
145 187 357 358 576 598 569 159 605 331 
361 793 706 546 939 388 49 742 10 576 
873 23 913 291 366 308 266 885 435 765 
432 23 355 812 163 806 28 739 288 699 
663 233 768 30 512 667 156 260 667 779 
60 203 511 280 422 346 543 698 514 275 
406 602 390 254 266 221 185 845 127 398 
471 208 21 559 367 707 106 977 109 997 
288 462 582 29 282 101 544 946 612 20 
974 955 954 783 489 655 384 29 521 989 
692 183 301 487 776 649 934 254 974 418 
453 752 711 550 890 611 159 385 598 884 
654 70 25 73 715 414 76 14 315 519 
918 887 763 25 755 649 584 671 547 747 
514 975 570 385 818 57 934 37 549 34 
356 810 998 297 399 401 940 918 790 985 
844 651 1 131 607 31 12 229 321 182 
255 735 594 136 33 214 411 942 2 5 
619 190 396 937 94 842 346 893 488 396 
971 726 70 932 34 580 651 932 969 422 
258 271 80 966 745 524 988 174 36 505 
741 224 57 793 903 580 170 375 193 499 

907 158 440 75 936 753 488 475 464 485 
254 548 227 888 82 292 717 235 519 937 
599 362 998 32 618 944 860 499 231 121 
876 938 746 360 46 818 6 24 749 906 
104 680 220 122 231 897 782 947 566 733 
673 96 589 279 10 976 981 504 635 386 
93 470 16 274 418 716 568 160 76 413 
458 573 863 885 150 185 117 448 783 820 
72 325 82 329 881 842 686 866 461 949 
138 492 253 608 240 162 690 255 968 431 
815 923 432 844 541 930 90 632 851 868 
56 174 669 782 457 171 371 650 719 412 
104 906 155 927 578 176 944 105 174 454 
791 301 338 113 310 381 30 753 70 237 
177 484 114 710 172 514 273 922 198 343 
752 488 829 869 294 692 816 264 375 976 
216 65 177 704 123 759 986 390 105 235 
112 849 767 333 904 365 587 958 483 359 
631 504 170 251 764 982 651 488 689 113 
479 125 101 653 138 653 518 196 645 761 
115 57 30 337 272 571 413 945 907 685 
692 787 811 5 778 626 814 611 879 665 
921 602 757 806 377 193 599 695 266 540 
89 984 332 647 363 956 567 38 400 847 
52 827 407 565 518 159 327 797 608 974 
837 635 581 7 45 88 341 558 778 961 
767 804 945 536 244 766 616 961 162 22 
253 165 788 299 392 632 684 793 742 676 
569 25 11 941 888 715 486 975 381 526 
931 847 668 865 271 927 936 7 584 306 
807 774 950 447 71 11 406 820 312 465 
684 586 125 196 47 414 410 375 981 27 
18 474 482 117 296 943 448 383 111 724 
178 889 988 570 664 285 241 999 559 621 
841 571 963 63 77 363 121 104 45 229 
308 6 708 664 17 877 152 957 176 979 
563 505 72 92 496 612 329 242 847 16 
628 643 127 461 231 991 469 424 140 725 
916 706 25 848 172 683 240 445 944 841 
426 703 29 980 929 865 646 516 145 90 
676 355 804 914 131 620 755 323 834 493 
380 585 969 914 920 285 10 362 463 701 
687 781 960 605 28 570 202 111 686 272 
516 660 200 80 734 732 6 11 514 298 
256 172 232 801 614 965 985 209 577 907 
785 170 779 167 944 551 413 386 357 523 
655 519 112 182 743 436 78 721 101 80 
301 902 508 907 999 915 589 663 814 968 
288 412 378 890 203 324 768 691 974 60 
252 637 566 256 294 460 573 173 749 458 

547 669 623 859 509 351 25 264 581 285 
802 287 674 733 956 829 902 70 878 900 
582 49 156 99 145 303 257 915 684 217 
532 601 566 824 606 418 153 701 402 820 
770 698 370 378 566 13 385 341 462 91 
789 582 683 578 25 95 578 209 99 34 
768 187 49 292 163 303 915 856 318 754 
168 634 48 478 637 519 990 849 295 913 
472 751 553 271 579 190 492 468 570 1 
576 147 477 90 997 444 523 866 94 313 
497 963 525 666 391 286 94 797 564 249 
924 738 241 632 961 661 527 167 913 250 
445 921 211 339 779 123 634 716 774 564 
236 85 95 233 870 694 336 825 100 997 
868 967 443 701 679 131 383 594 6 124 
467 515 85 935 173 371 880 853 393 366 
232 120 71 411 379 580 326 969 354 293 
101 173 244 309 340 285 641 176 308 181 
446 180 13 871 423 527 20 826 189 694 
559 665 305 806 861 25 890 523 487 712 
995 229 833 539 895 112 569 138 149 16 
249 370 321 752 323 272 216 396 46 316 
986 898 149 75 322 449 268 426 558 914 
171 144 18 911 960 303 736 51 388 236 
614 50 208 750 16 260 526 389 636 499 
4 589 957 262 666 614 320 519 700 599 
184 760 149 739 525 599 913 118 63 187 
15 65 848 3 875 659 307 910 337 338 
513 671 896 658 135 833 529 293 618 553 
760 214 225 713 665 878 391 663 438 690 
383 45 448 306 300 756 44 474 921 685 
77 346 403 772 436 150 194 840 504 522 
255 312 286 965 438 324 775 871 399 289 
600 98 990 610 385 602 681 514 314 468 
797 957 544 111 25 120 931 574 896 357 
650 977 250 881 882 306 318 408 762 26 
647 189 795 762 920 122 852 482 424 118 
857 977 519 831 663 926 131 810 515 930 
9 561 318 775 308 516 755 873 614 884 
725 397 132 196 316 295 577 130 91 456 
556 757 36 281 631 642 60 956 238 191 
580 837 579 292 601 933 885 524 192 813 
26 210 856 252 48 529 505 80 866 418 
807 254 529 785 755 209 456 660 598 322 
657 640 887 916 738 736 493 170 64 872 
25 533 742 342 24 995 270 549 443 784 
579 845 527 857 432 190 472 364 406 255 
927 11 746 678 737 878 112 351 725 993 
815 34 459 682 361 74 746 192 359 473 
216 595 508 524 736 548 198 312 441 360 

599 627 55 599 472 946 359 87 150 58 
885 125 318 647 47 462 572 361 464 533 
1 323 581 159 702 251 537 675 970 528 
29 430 599 314 877 115 451 494 212 178 
251 770 580 80 379 508 748 41 87 658 
426 7 904 266 984 726 953 971 875 294 
122 792 248 108 153 170 64 720 476 705 
478 37 387 960 10 756 824 784 505 976 
387 91 573 956 667 424 963 85 906 896 
218 989 573 253 265 820 966 934 477 979 
421 117 569 590 826 676 691 529 923 803 
224 570 59 935 38 719 114 903 579 852 
54 599 233 414 576 801 875 989 204 651 
234 401 938 438 233 914 160 551 761 733 
855 92 885 181 205 401 713 702 16 351 
707 314 239 387 809 44 183 35 619 14 
169 79 306 307 99 279 455 458 316 852 
178 537 558 295 600 884 11 2 54 713 
430 903 262 624 992 147 235 443 537 929 
541 914 933 275 402 612 189 628 285 398 
479 735 851 700 499 596 749 544 198 580 
631 543 231 433 498 878 413 617 540 805 
207 67 514 627 456 723 214 375 788 94 
432 490 267 47 870 550 560 342 840 341 
900 147 701 797 674 407 82 788 119 532 
350 453 229 991 530 706 491 641 182 878 
759 927 818 973 765 591 876 34 552 681 
625 45 552 814 645 241 780 595 470 203 
141 528 967 615 126 46 594 914 519 388 
625 457 627 129 354 730 269 432 534 989 
65 357 264 71 974 274 391 953 758 691 
291 240 338 317 406 360 332 768 291 488 
574 42 16 245 368 724 800 390 736 94 
730 95 128 375 707 96 613 844 280 870 
728 465 800 639 584 776 389 188 942 815 
948 579 548 370 885 835 958 830 997 469 
410 976 143 183 219 238 603 462 634 842 
460 705 331 611 830 937 740 707 572 975 
70 279 836 538 821 339 337 941 987 590 
438 190 43 149 942 99 321 733 475 306 
952 72 590 430 861 362 472 876 393 126 
64 868 990 300 541 353 985 578 501 885 
698 301 727 377 231 526 478 517 177 138 
865 169 646 15 120 41 224 83 18 446 
550 448 847 878 673 259 745 81 407 129 
277 577 144 198 12 233 418 993 393 115 
589 414 875 874 413 832 960 853 174 760 
902 966 94 947 889 700 467 952 137 522 
27 303 86 941 316 203 712 876 27 896 
642 969 351 491 673 655 188 678 399 610 


