500 10 10

-161 -110 -34 -153 -45 -49 487 -112 -89 270 
408 -112 419 451 -13 -17 -75 359 -120 -256 
-198 676 595 -219 -5 -225 -208 -209 -26 -237 
410 -234 -266 -35 363 474 484 391 426 -152 
478 -108 457 418 481 419 -77 -161 433 316 
-59 -50 -100 309 -33 564 -34 -150 -15 323 
317 585 457 -141 -102 460 351 568 -3 429 
-1 -200 -103 416 432 448 -52 -101 274 -196 
396 -115 -96 -9 515 479 -65 593 263 385 
-98 -117 309 533 374 504 -143 -49 -113 -71 
-162 501 -76 -80 -17 -21 -192 267 -179 -250 
441 -157 339 -253 -66 349 395 -181 384 495 
291 619 358 -30 -45 -18 -3 260 -148 432 
363 -125 450 457 365 512 -25 392 269 277 
-83 465 -9 -95 385 -7 -193 -114 394 297 
464 -149 -177 -258 -244 310 -136 323 348 -205 
265 298 482 391 814 266 549 -200 373 -67 
558 261 267 277 290 314 -4 -45 314 392 
-180 -137 319 -175 524 269 599 -43 338 -64 
-155 314 -14 325 -90 403 352 307 -145 314 
323 -71 411 -45 -151 515 398 -39 -166 458 
542 -202 290 -230 -130 -222 493 -161 -140 -169 
-251 683 291 -242 -66 448 -125 407 -53 462 
-35 -70 371 -147 -12 -255 545 280 268 333 
-11 425 540 -199 317 288 -64 291 -81 388 
373 399 -43 -204 408 -50 -205 353 343 -217 
-152 -52 -18 489 -125 387 -121 -192 -30 -167 
568 -184 -248 -183 472 -57 278 346 -151 -137 
490 450 -68 343 480 -96 -9 -128 468 -46 
440 -16 369 280 -27 -84 -143 -45 390 -120 
320 540 -109 741 307 491 -88 -187 -204 -226 
-185 -3 627 335 427 -140 346 -75 565 282 
-90 587 621 463 272 -14 437 -185 344 -37 
412 -133 -68 -23 473 -134 343 362 -39 279 
412 -158 -151 544 573 357 515 -13 410 484 
281 383 405 318 -169 -56 261 -19 -178 370 
561 -11 -8 365 -176 353 -73 -134 407 602 
261 -13 -128 -201 -3 261 363 -42 332 -6 
-94 -153 378 -19 -134 -63 -76 284 -106 -188 
352 557 521 394 374 306 -29 -13 435 -122 
260 263 -50 483 -150 424 -173 -234 -56 437 
260 -24 -191 484 288 258 -17 263 479 514 
414 -251 -261 357 346 -97 314 362 -2 -72 
305 421 -234 -130 396 406 376 -37 584 449 
624 473 450 -162 -127 387 -25 375 472 266 
291 300 -76 652 518 -245 317 -5 363 -117 
-136 407 -93 -44 -162 -181 470 -102 -41 -151 
310 -48 318 -231 -72 -108 513 -172 -131 -28 
640 -16 323 -157 589 381 -24 305 345 -82 
321 329 -192 504 -142 -19 -147 -24 -26 354 

60589 62150 59432 61740 62977 61186 60721 60640 65126 57802 

63499 61214 62824 60527 62795 62484 63815 60677 62271 63192 

833 221 169 843 665 541 687 300 122 62 
430 202 167 127 642 316 590 214 169 49 
292 576 876 214 624 160 473 547 720 644 
526 526 118 722 645 517 873 909 387 3 
123 319 623 346 453 606 778 403 837 518 
370 342 139 738 782 868 278 722 418 293 
465 643 920 59 172 442 682 947 92 223 
962 575 203 721 421 596 734 612 339 588 
312 909 632 219 529 154 144 218 686 505 
508 182 711 871 271 901 99 973 647 949 
860 322 996 269 10 315 386 65 72 579 
390 166 944 771 514 737 95 191 313 335 
169 734 649 20 539 439 795 477 651 187 
364 356 975 336 377 975 999 199 533 952 
332 530 66 530 5 695 32 967 573 810 
713 460 159 71 200 633 293 51 549 682 
459 397 809 16 502 823 834 285 347 140 
798 241 337 384 575 7 486 19 427 70 
355 868 840 232 967 693 977 397 812 306 
355 45 35 425 415 96 1000 400 397 654 
38 185 109 701 944 119 429 93 420 749 
857 221 401 507 798 996 554 448 949 703 
201 94 951 261 773 303 605 548 831 275 
940 10 239 56 547 347 505 69 981 453 
559 943 172 149 934 1000 459 191 528 464 
74 263 828 429 304 195 943 273 954 341 
545 553 638 378 463 983 878 284 404 700 
653 151 999 327 211 829 138 747 304 729 
840 76 234 38 556 224 758 878 234 854 
960 530 726 624 740 21 870 407 632 399 
752 298 175 417 179 374 198 325 767 973 
348 923 859 366 532 76 282 144 962 511 
141 470 647 652 759 313 564 300 35 280 
952 364 926 512 346 654 492 532 349 718 
763 492 215 485 297 85 224 439 630 819 
634 693 881 593 653 330 220 964 504 46 
343 227 742 868 334 351 806 195 905 994 
801 871 639 249 65 294 817 265 790 210 
488 634 800 424 14 598 612 437 485 817 
254 187 898 382 291 919 111 645 499 475 
572 158 377 969 866 779 899 934 125 145 
399 786 7 637 323 409 444 679 74 932 
425 472 120 892 612 90 413 539 658 123 
442 931 986 401 892 211 717 212 555 86 
874 711 905 585 372 701 139 751 26 162 
49 255 409 352 942 193 580 207 774 75 
407 569 722 333 526 75 549 46 192 35 
643 133 835 385 390 111 726 824 721 955 
729 657 1 935 605 243 398 57 11 29 
797 116 517 663 499 921 750 276 305 313 

323 328 378 859 422 337 853 579 247 295 
915 460 865 746 544 515 141 288 474 84 
224 828 594 345 413 141 5 334 27 540 
737 29 101 298 280 753 396 477 983 61 
604 601 339 571 161 455 56 324 176 991 
224 579 725 387 197 919 783 867 776 844 
677 682 950 833 87 979 477 399 933 694 
690 646 40 984 984 831 994 318 63 9 
598 911 546 13 360 932 631 88 347 65 
189 196 595 960 431 613 801 762 98 852 
320 548 40 205 449 115 842 649 316 848 
551 467 865 274 639 954 857 430 535 348 
784 782 690 229 862 605 124 42 562 630 
646 800 262 648 855 627 64 954 281 600 
798 765 191 913 623 358 776 979 361 824 
845 50 38 196 33 256 902 824 733 111 
419 465 697 868 575 40 577 655 77 356 
205 428 153 765 880 347 321 572 67 760 
128 268 345 258 623 306 41 220 787 571 
42 829 684 665 363 311 418 749 406 746 
247 771 127 46 277 288 896 786 902 149 
394 904 526 425 579 357 473 239 378 1 
468 772 132 987 932 63 828 90 672 543 
228 211 527 469 862 533 713 750 281 798 
808 215 244 955 338 398 779 50 93 485 
13 880 545 565 234 698 236 315 884 796 
257 398 84 842 669 852 762 138 351 7 
762 269 509 187 713 554 230 36 98 522 
483 586 216 537 964 60 36 321 932 134 
628 957 812 265 239 520 153 446 787 508 
956 195 451 338 973 377 129 348 207 932 
143 44 370 215 637 354 851 882 146 536 
387 662 459 734 18 610 412 140 490 301 
970 691 715 658 220 690 665 457 964 82 
232 116 978 904 515 405 923 582 679 328 
396 808 162 100 849 759 275 568 11 383 
689 663 413 440 690 179 629 799 313 923 
459 435 839 365 587 943 710 778 330 938 
567 740 306 616 921 240 110 758 326 786 
365 712 21 533 990 907 290 56 159 689 
677 399 229 256 213 431 179 249 938 319 
955 241 517 599 85 529 984 2 91 934 
29 890 792 912 23 111 716 875 107 328 
977 167 476 797 426 24 417 578 416 533 
752 604 660 544 407 201 164 826 774 129 
782 348 885 711 766 550 727 885 143 832 
76 474 243 825 999 229 506 459 396 206 
348 451 200 801 919 1 765 746 127 180 
372 495 641 538 817 824 214 442 661 703 
127 667 782 720 269 808 726 95 301 842 

510 299 14 516 57 206 43 700 233 714 
782 438 961 331 35 136 855 782 288 725 
384 773 365 667 688 496 591 276 937 386 
876 228 231 745 678 487 900 939 344 432 
96 25 858 840 687 925 100 477 376 346 
292 319 953 895 391 825 140 747 666 939 
943 992 974 234 374 408 220 444 265 248 
510 85 757 342 305 339 188 692 812 834 
940 18 754 463 687 765 511 996 128 857 
404 64 480 856 571 947 940 200 513 484 
487 973 534 20 30 75 533 207 904 178 
988 341 450 279 659 877 404 367 636 740 
524 955 407 696 622 585 483 624 41 168 
652 23 399 778 246 228 77 303 333 267 
237 213 443 73 763 585 142 601 182 813 
751 250 546 143 498 901 167 309 902 152 
436 642 116 956 561 454 16 870 471 153 
257 127 617 295 904 35 6 601 563 229 
133 574 910 653 592 270 422 295 180 818 
253 355 998 156 380 35 101 923 51 41 
903 427 778 644 508 510 102 102 565 501 
738 366 331 716 707 246 175 624 377 277 
220 729 102 226 247 760 65 261 106 160 
632 469 475 900 54 529 568 3 602 615 
94 902 635 174 646 661 573 724 686 469 
485 335 113 787 555 156 582 404 788 185 
161 500 109 819 868 627 935 974 555 46 
581 784 202 163 751 597 678 427 780 952 
166 349 89 670 713 558 787 706 516 858 
854 144 185 640 372 155 945 337 260 492 
885 40 984 753 608 622 661 130 293 388 
904 193 999 248 221 569 68 203 47 603 
977 24 950 25 756 637 683 707 915 503 
253 147 544 207 362 833 681 358 236 517 
153 513 593 648 753 589 369 337 563 10 
653 744 4 855 60 500 16 137 844 646 
402 571 131 482 10 132 35 272 133 123 
503 591 347 131 800 684 339 614 173 829 
310 627 999 656 518 743 16 258 373 149 
727 1 142 734 28 665 28 223 467 415 
91 716 171 199 66 160 84 301 318 698 
34 453 149 758 547 340 855 825 178 307 
197 505 42 47 286 624 770 577 69 784 
122 77 332 611 177 741 927 881 773 204 
897 496 503 634 951 771 835 659 927 443 
523 670 190 166 38 381 795 153 172 417 
174 710 841 475 208 23 610 635 346 166 
571 728 629 874 820 580 621 322 703 645 
597 454 554 691 712 450 804 77 348 905 
202 706 807 955 767 224 487 911 549 846 

3 15 718 146 482 438 449 50 791 962 
829 35 538 618 391 963 461 502 267 607 
203 208 516 443 1000 134 580 645 352 444 
994 896 73 252 526 361 304 238 542 356 
589 837 198 196 373 278 914 397 627 826 
123 610 30 902 762 948 48 919 568 921 
564 999 633 320 229 61 148 750 822 600 
172 595 174 914 635 665 303 148 155 689 
363 285 212 358 845 731 741 862 976 877 
91 172 299 230 147 207 407 218 271 552 
109 525 169 878 970 824 499 377 944 987 
603 320 156 337 375 596 850 486 708 537 
304 634 46 687 844 234 598 196 574 859 
191 176 189 525 215 870 899 721 526 973 
792 763 968 554 919 565 59 931 587 401 
143 180 583 172 936 153 136 315 508 176 
427 247 508 197 661 89 285 18 375 419 
221 724 222 651 116 438 900 609 783 908 
480 451 910 15 398 605 568 963 990 289 
156 354 926 704 127 895 543 143 972 90 
79 560 926 70 723 573 902 340 771 4 
606 470 371 51 633 51 293 635 825 604 
104 180 670 491 62 909 559 415 960 896 
858 335 722 142 59 620 967 191 799 645 
307 344 957 497 442 899 857 847 843 791 
888 805 820 524 707 362 788 669 851 68 
459 996 449 624 746 526 875 150 201 611 
341 520 477 115 269 502 294 129 45 747 
121 729 550 389 594 529 305 759 856 154 
893 103 158 66 704 774 853 896 630 834 
322 911 378 918 744 399 119 469 406 622 
653 112 231 466 372 885 764 147 498 331 
513 818 877 935 362 476 807 456 779 564 
492 787 642 452 821 110 141 330 850 476 
603 467 57 390 4 608 289 220 312 842 
5 205 504 782 65 612 486 801 326 591 
221 435 397 286 817 267 966 385 660 477 
646 310 661 726 321 508 538 588 541 258 
103 750 698 830 605 223 331 119 595 129 
53 186 675 771 354 478 150 362 29 582 
325 929 763 152 396 744 198 250 958 966 
904 496 648 286 441 669 320 979 313 376 
97 987 773 498 133 428 442 208 825 26 
754 557 655 436 529 357 343 1 198 113 
123 662 994 597 36 308 787 739 184 179 
493 398 816 649 117 566 82 88 581 262 
676 219 502 719 435 807 577 442 383 25 
683 216 919 187 36 930 307 646 206 607 
998 79 190 209 455 593 13 750 811 862 
995 287 645 645 624 27 177 746 609 97 

276 552 540 392 731 647 253 726 613 878 
396 90 521 295 493 162 367 45 5 195 
32 614 980 636 325 752 160 226 961 13 
171 410 661 294 42 792 438 505 13 154 
449 322 972 859 314 267 400 312 480 971 
397 292 561 640 905 525 652 196 302 843 
594 264 878 868 595 171 219 888 954 585 
684 549 728 204 543 66 433 563 377 116 
673 13 878 290 637 291 441 408 513 841 
770 423 612 211 883 431 709 847 721 401 
917 534 10 647 9 562 331 416 966 343 
263 733 171 89 126 916 836 281 868 840 
141 830 133 829 585 694 944 924 589 962 
722 835 767 130 40 889 966 109 858 164 
728 126 738 955 78 328 743 219 928 448 
2 306 111 981 253 709 111 912 127 570 
625 131 16 12 906 507 125 42 149 301 
490 583 32 26 18 207 145 66 785 798 
711 690 499 464 721 853 844 264 519 891 
567 66 162 948 155 543 532 859 456 651 
758 570 589 32 990 978 392 384 237 151 
994 733 18 797 320 138 305 517 145 941 
400 782 704 739 887 979 609 49 573 40 
764 587 339 556 739 119 673 349 218 15 
402 871 339 961 641 618 263 319 919 487 
548 509 612 560 818 317 369 770 540 709 
991 195 150 659 618 411 138 237 722 261 
698 563 495 26 173 666 939 666 434 399 
197 481 134 519 504 99 261 465 592 839 
562 248 472 365 255 610 435 727 283 98 
969 264 567 125 326 624 607 351 465 971 
8 939 417 501 206 76 927 325 690 247 
115 684 213 180 736 412 792 584 512 840 
519 661 45 968 169 732 44 881 673 768 
570 998 233 898 971 217 987 531 295 295 
368 661 452 775 788 33 1 329 776 126 
679 830 949 974 80 339 153 585 684 293 
91 989 104 267 198 941 437 582 927 325 
217 658 559 342 688 329 200 885 745 700 
599 716 953 217 829 334 463 474 469 51 
924 259 269 872 176 890 525 363 965 988 
394 145 333 884 439 855 562 2 351 139 
713 701 653 1 693 264 176 356 85 526 
679 362 93 461 840 822 397 875 912 628 
892 803 442 999 778 110 416 707 224 962 
835 673 144 868 706 261 908 981 620 673 
96 773 110 991 863 554 355 729 637 54 
430 369 665 140 353 912 489 528 275 495 
171 817 931 455 544 329 63 481 718 582 
787 700 145 856 466 505 553 401 590 873 

34 851 151 618 78 85 93 227 362 458 
335 293 779 455 375 237 142 571 867 508 
659 493 756 173 679 7 219 945 900 76 
473 708 985 49 756 110 104 934 320 305 
324 276 292 573 607 436 591 21 509 444 
566 662 610 648 991 613 340 50 450 982 
215 929 156 317 853 794 995 213 602 729 
609 521 800 254 842 974 24 832 460 892 
867 619 216 128 868 961 716 788 102 169 
310 689 228 753 248 25 332 589 158 696 
770 485 297 108 478 24 289 536 582 691 
12 956 777 663 873 794 840 782 843 552 
365 907 255 73 313 549 508 715 311 761 
908 30 993 194 870 9 310 506 777 236 
712 733 41 100 295 202 970 179 352 208 
437 12 98 402 45 79 190 595 455 48 
709 768 677 319 999 56 738 256 975 284 
451 913 727 493 490 765 668 218 9 507 
570 79 553 357 997 381 48 746 229 844 
996 474 711 888 738 604 163 14 300 898 
722 533 366 648 51 413 759 943 249 825 
800 99 542 211 399 29 790 932 936 122 
444 528 256 993 997 531 433 325 742 222 
644 70 222 255 578 616 987 212 705 104 
582 725 454 514 734 860 407 252 932 270 
918 584 732 319 52 388 511 927 948 89 
872 110 546 853 252 576 983 697 24 513 
102 346 10 215 924 177 488 562 233 337 
681 669 345 211 332 865 425 227 692 437 
2 672 336 784 471 718 244 450 318 172 
226 757 952 245 70 416 232 447 724 525 
150 76 250 527 337 252 669 558 798 631 
781 781 387 251 263 322 569 618 734 955 
853 489 72 289 942 928 634 878 476 852 
852 701 189 350 890 838 318 354 47 998 
355 735 209 736 503 937 965 317 218 288 
449 765 470 494 924 963 448 307 301 674 
55 553 782 322 69 55 111 720 856 333 
346 528 664 996 978 972 286 243 865 570 
713 553 150 910 352 742 484 612 766 615 
401 4 209 182 683 756 433 869 154 582 
752 174 629 470 54 885 46 218 745 848 
500 87 574 948 861 15 987 646 640 277 
953 564 59 196 482 697 530 650 374 259 
826 264 181 29 841 119 3 659 173 866 
727 833 54 389 474 401 101 296 704 561 
161 508 448 720 134 402 258 69 180 398 
445 774 360 894 623 449 37 978 217 893 
849 363 384 213 359 204 75 17 887 330 
133 4 391 530 682 670 512 134 458 359 

673 830 887 680 324 497 398 154 922 529 
783 411 824 519 172 404 358 236 195 291 
267 819 748 665 626 847 241 475 578 495 
609 337 392 756 859 97 246 919 362 265 
848 530 317 126 114 501 923 991 644 165 
873 432 552 524 92 632 505 171 165 593 
211 951 775 403 603 958 281 392 685 601 
980 373 743 879 819 429 1 69 238 493 
688 415 837 735 15 564 13 928 317 421 
484 960 325 325 628 660 216 502 457 253 
698 878 482 935 486 286 282 801 491 574 
556 295 76 850 272 513 496 725 431 441 
462 263 848 527 326 264 144 844 791 354 
916 385 836 144 478 806 534 904 849 505 
393 266 621 484 806 845 280 93 794 542 
571 532 755 336 432 334 118 314 836 92 
233 995 104 275 685 686 343 546 527 325 
120 54 242 679 785 317 222 986 423 659 
511 215 31 960 357 488 796 206 639 305 
358 12 862 649 695 732 323 80 598 348 
680 422 687 47 839 247 168 913 85 600 
484 876 204 304 181 118 844 846 956 214 
319 503 600 306 110 212 48 811 94 565 
993 107 162 41 758 100 248 992 266 632 
35 454 631 960 4 192 228 333 671 212 
152 519 86 458 361 921 56 860 211 889 
840 439 426 352 949 703 533 614 29 300 
112 931 824 598 792 445 461 857 452 637 
639 128 313 528 134 83 442 126 893 977 
689 893 431 892 559 778 201 976 437 540 
773 377 577 969 851 750 816 350 232 401 
438 391 732 348 518 738 453 187 481 667 
229 155 672 231 700 942 666 250 957 331 
509 615 801 560 301 307 398 911 469 544 
165 522 608 195 278 902 838 124 460 864 
192 456 16 498 42 168 46 195 323 799 
602 290 317 127 464 777 68 904 390 754 
745 149 371 506 692 511 20 727 36 982 
138 107 126 268 389 550 134 447 830 389 
408 858 703 44 813 378 844 548 431 425 
334 461 323 69 763 770 489 510 815 808 
789 929 736 732 139 351 292 366 972 669 
444 82 643 794 173 297 174 458 819 521 
548 397 452 425 339 527 444 323 407 757 
398 567 770 61 462 451 391 586 623 444 
36 145 543 963 818 375 572 192 30 775 
229 168 117 53 545 550 850 995 88 227 
623 455 154 637 804 792 91 32 882 252 
620 791 495 44 513 312 567 770 340 387 
167 520 716 321 673 24 292 412 902 34 

93 211 151 505 579 162 170 325 593 603 
453 334 172 622 971 549 767 1 521 850 
564 744 360 133 414 404 56 110 22 867 
161 219 123 827 849 981 817 494 604 641 
733 651 711 215 814 131 242 860 988 262 
457 888 445 873 305 911 955 737 715 512 
711 211 818 143 108 987 108 587 659 961 
762 46 314 26 104 912 660 484 611 730 
814 687 685 19 831 820 154 629 469 695 
864 365 679 716 217 717 470 195 392 194 
242 635 293 324 558 399 456 144 540 594 
231 463 222 692 359 620 681 147 748 616 
882 248 97 438 661 166 159 870 130 315 
773 378 118 795 763 114 26 337 823 31 
94 814 780 914 380 821 166 162 604 388 
614 519 851 258 5 202 274 785 130 617 
807 34 628 580 950 467 894 304 774 466 
638 862 611 238 92 187 487 210 402 590 
88 288 504 3 295 415 324 762 246 540 
76 686 950 706 635 943 283 882 933 799 
817 536 635 324 563 475 685 939 8 355 
899 247 500 799 90 515 631 533 326 389 
720 377 628 662 271 202 780 476 845 247 
512 358 972 125 624 42 462 573 73 145 
903 343 98 341 625 921 732 56 539 718 
588 59 417 215 874 145 210 825 190 426 
171 516 488 990 319 471 252 39 307 788 
152 797 395 856 973 321 823 558 15 408 
499 504 525 845 8 181 54 749 774 169 
226 369 215 847 635 486 897 335 936 740 
139 888 808 904 205 700 342 498 101 358 
209 374 182 716 393 291 743 917 936 181 
700 953 622 122 342 146 723 191 83 374 
466 272 182 385 850 794 85 509 324 353 
652 481 508 840 293 75 216 571 52 501 
905 622 451 24 188 597 731 291 903 1000 
677 602 940 628 307 695 311 346 514 273 
647 533 476 527 327 942 799 891 162 800 
712 758 568 346 61 519 498 944 276 371 
551 57 278 628 989 271 964 282 374 920 
773 113 808 390 757 72 770 369 702 533 
631 719 378 256 989 641 752 239 506 646 
682 451 267 595 752 652 621 761 14 49 
215 733 334 974 909 373 558 203 630 360 
960 33 400 546 123 4 688 578 316 38 
468 420 68 105 804 93 456 698 612 899 
972 646 163 16 5 390 360 634 288 682 
385 171 565 247 84 825 363 520 338 549 
275 901 710 621 204 350 137 352 249 222 
114 580 460 928 536 18 785 26 640 492 

770 548 741 379 7 623 299 107 698 765 
833 195 875 172 97 230 967 946 394 187 
785 968 48 405 215 494 40 538 475 138 
301 899 478 48 553 808 804 736 805 272 
303 211 759 244 700 251 870 473 352 861 
463 967 913 39 173 373 924 154 138 696 
370 574 736 512 458 872 437 833 972 756 
130 441 771 538 923 134 528 202 804 902 
533 575 384 843 49 901 89 653 317 226 
214 93 263 542 871 386 710 986 394 918 
25 906 643 830 573 402 517 699 165 377 
979 308 31 8 653 520 568 377 932 580 
839 471 804 416 442 610 708 977 44 567 
878 240 505 841 783 893 294 434 725 715 
915 792 620 347 14 824 455 485 415 882 
678 122 749 626 972 138 763 170 854 679 
986 768 571 62 917 275 829 416 934 12 
188 45 116 751 413 380 529 662 429 474 
725 426 608 488 253 937 399 747 273 510 
453 745 872 715 840 664 332 511 64 655 
605 719 697 106 62 221 728 862 273 140 
671 80 436 375 376 445 136 93 524 513 
53 973 721 441 688 977 205 647 551 980 
677 265 298 114 499 792 618 228 164 257 
518 849 429 142 210 227 872 538 598 526 
939 798 215 33 482 590 832 938 946 627 
638 939 861 839 654 735 837 858 375 155 
929 359 488 356 175 53 279 764 127 870 
718 644 692 442 830 753 561 257 585 350 
264 3 385 773 417 64 193 861 564 302 
191 513 303 661 518 439 606 988 533 436 
942 18 689 831 55 372 771 556 925 369 
802 549 509 959 383 224 216 868 778 747 
65 676 648 872 638 597 288 152 569 908 
730 513 723 725 351 447 685 764 638 460 
78 559 524 239 795 1000 489 325 666 812 
994 90 109 84 362 462 591 230 432 456 
368 324 287 628 952 135 423 60 997 883 
63 839 828 90 671 708 153 413 750 540 
783 855 697 867 687 880 750 37 657 25 
156 592 763 532 955 5 644 25 506 518 
558 705 405 894 823 931 42 379 303 735 
552 389 120 662 462 724 479 501 652 779 
636 150 317 774 434 613 215 228 655 411 
616 804 163 828 824 490 552 913 551 958 
654 589 469 752 835 760 979 590 621 637 
476 929 168 171 651 659 54 430 275 705 
913 404 345 488 521 103 210 9 38 572 
988 356 836 848 413 869 626 381 277 65 
169 64 125 87 429 58 309 415 677 168 

142 508 186 52 700 41 801 159 945 268 
377 309 97 460 171 703 954 572 796 158 
575 29 636 268 232 445 204 179 788 650 
121 258 322 997 243 572 570 910 628 414 
214 371 273 531 895 904 130 898 762 517 
417 123 199 34 757 364 997 91 811 141 
231 484 353 453 581 428 763 579 954 825 
545 604 160 318 198 439 886 526 713 658 
701 792 170 243 590 680 420 709 811 401 
180 113 896 13 29 520 415 112 194 393 
37 184 88 248 497 165 233 8 382 144 
537 526 669 236 573 654 604 471 969 450 
99 879 542 269 453 541 798 780 121 259 
56 199 347 900 177 114 359 864 528 543 
878 316 440 135 592 891 148 125 208 423 
972 512 85 157 666 116 686 580 227 103 
955 900 941 885 524 326 957 59 218 959 
773 819 447 43 720 828 359 548 558 127 
19 528 686 145 185 691 462 164 29 921 
803 380 741 194 282 202 391 324 794 186 
276 817 495 245 113 605 128 270 889 430 
3 764 532 753 517 381 846 297 76 485 
24 798 240 281 494 359 45 142 117 735 
442 688 227 168 63 931 243 955 800 676 
135 587 987 309 357 276 99 499 549 382 
795 159 631 418 938 798 799 505 576 26 
518 607 412 236 31 635 379 320 318 323 
400 46 9 657 623 970 748 783 287 99 
501 948 211 132 388 732 751 940 968 337 
218 413 57 196 368 359 914 897 957 626 
234 614 745 397 455 873 558 354 609 404 
90 334 175 890 684 513 13 902 457 266 
40 152 692 728 543 38 431 64 362 996 
76 393 767 244 569 65 680 363 47 469 
958 9 970 371 307 159 718 352 107 598 
822 352 392 604 252 562 200 109 175 911 
359 562 392 638 572 373 370 400 389 312 
884 28 689 448 617 931 897 69 354 560 
381 398 1000 327 824 174 996 211 131 361 
98 781 155 357 97 472 186 64 259 309 
549 262 933 606 346 543 870 517 440 826 
167 290 428 692 134 639 936 470 91 836 
553 490 687 569 492 731 455 247 24 199 
876 477 626 654 664 484 123 95 793 417 
697 927 645 22 720 777 57 215 591 228 
9 532 98 399 814 956 147 629 571 180 
383 561 14 378 882 448 87 573 786 648 
138 704 692 996 740 242 913 229 751 71 
917 472 294 332 974 738 575 173 391 356 
852 423 439 445 383 804 773 36 513 722 

556 736 301 111 704 408 163 315 670 457 
357 916 614 60 373 182 129 767 896 178 
975 226 404 833 575 340 321 580 425 955 
739 473 946 666 630 462 841 2 778 714 
855 768 141 847 325 765 10 162 208 981 
638 184 124 910 332 634 555 55 396 23 
171 310 181 378 600 742 275 601 951 731 
166 659 15 230 577 807 420 862 974 991 
795 938 792 647 59 991 759 627 328 902 
629 510 103 788 73 379 573 783 310 38 
700 342 533 681 300 205 855 69 523 311 
669 887 130 177 103 110 623 985 69 61 
511 331 493 688 307 751 731 797 726 939 
813 341 713 335 15 43 335 850 303 288 
492 577 626 7 768 693 170 199 304 650 
644 258 363 631 924 780 987 221 11 415 
19 345 860 357 174 915 242 575 719 793 
462 663 152 893 471 614 581 911 868 579 
373 665 634 412 254 432 273 281 561 643 
781 83 755 271 873 146 670 703 90 63 
712 67 555 835 405 178 923 591 723 351 
505 178 427 532 72 850 539 892 386 394 
778 173 462 0 153 641 470 370 554 141 
800 585 345 872 956 560 805 585 222 460 
130 236 400 660 637 547 237 406 654 62 
512 540 699 714 48 360 433 943 716 413 
766 113 490 319 636 210 875 838 699 651 
34 953 501 907 776 393 361 537 180 629 
713 507 405 479 354 174 928 271 187 692 
630 483 329 590 868 967 811 934 412 874 
207 472 612 137 798 190 719 608 636 437 
58 31 559 309 70 712 907 315 941 637 
141 847 80 929 279 611 608 990 106 771 
44 530 205 858 339 937 165 37 438 362 
35 725 684 71 393 784 479 577 290 311 
945 649 296 287 932 10 535 391 298 890 
145 979 870 57 51 541 296 616 907 870 
337 416 657 514 987 789 961 383 129 229 
953 239 863 489 470 842 453 9 847 935 
308 220 132 508 462 388 598 646 82 270 
377 855 958 57 279 368 549 634 251 72 
839 986 749 964 397 630 322 479 712 398 
832 799 838 915 496 743 317 788 55 792 
828 264 275 409 320 937 304 449 156 170 
528 238 478 987 828 741 530 569 563 468 
133 251 233 993 868 153 269 945 226 36 
830 273 569 161 693 639 667 370 889 588 
680 35 806 987 549 208 565 382 334 435 
362 406 629 459 653 975 684 98 756 996 
598 198 606 556 544 556 538 239 875 602 

413 494 348 63 799 352 111 889 914 312 
153 287 888 424 374 650 711 816 111 774 
687 279 191 181 890 484 662 995 718 533 
81 879 959 989 678 424 623 986 66 449 
458 515 486 726 796 398 624 182 153 272 
23 598 392 154 253 691 849 842 414 986 
189 41 786 540 227 14 608 125 948 638 
256 555 60 673 157 75 495 829 687 438 
432 476 101 986 350 733 261 409 956 615 
463 265 182 989 616 194 959 842 223 968 
551 770 650 952 922 603 222 623 879 770 
390 960 485 354 21 581 641 729 143 491 
92 355 213 56 862 166 63 27 859 109 
303 874 914 633 734 888 903 250 679 125 
128 413 79 253 568 96 713 871 597 389 
28 91 661 57 832 191 216 113 301 795 
103 171 356 671 792 536 560 336 91 549 
20 21 893 192 994 111 499 334 422 735 
300 995 390 470 198 525 326 794 944 837 
922 818 292 616 863 783 814 405 641 555 
658 505 64 473 292 465 723 123 713 421 
605 554 100 72 664 653 21 676 491 463 
71 811 393 896 761 428 793 842 911 609 
397 729 483 566 612 543 40 731 575 903 
247 839 53 960 667 147 793 557 375 938 
348 644 192 370 804 78 519 803 145 770 
390 655 72 715 286 873 283 748 7 62 
479 231 285 605 670 382 614 84 245 551 
145 187 357 358 576 598 569 159 605 331 
361 793 706 546 939 388 49 742 10 576 
873 23 913 291 366 308 266 885 435 765 
432 23 355 812 163 806 28 739 288 699 
663 233 768 30 512 667 156 260 667 779 
60 203 511 280 422 346 543 698 514 275 
406 602 390 254 266 221 185 845 127 398 
471 208 21 559 367 707 106 977 109 997 
288 462 582 29 282 101 544 946 612 20 
974 955 954 783 489 655 384 29 521 989 
692 183 301 487 776 649 934 254 974 418 
453 752 711 550 890 611 159 385 598 884 
654 70 25 73 715 414 76 14 315 519 
918 887 763 25 755 649 584 671 547 747 
514 975 570 385 818 57 934 37 549 34 
356 810 998 297 399 401 940 918 790 985 
844 651 1 131 607 31 12 229 321 182 
255 735 594 136 33 214 411 942 2 5 
619 190 396 937 94 842 346 893 488 396 
971 726 70 932 34 580 651 932 969 422 
258 271 80 966 745 524 988 174 36 505 
741 224 57 793 903 580 170 375 193 499 

907 158 440 75 936 753 488 475 464 485 
254 548 227 888 82 292 717 235 519 937 
599 362 998 32 618 944 860 499 231 121 
876 938 746 360 46 818 6 24 749 906 
104 680 220 122 231 897 782 947 566 733 
673 96 589 279 10 976 981 504 635 386 
93 470 16 274 418 716 568 160 76 413 
458 573 863 885 150 185 117 448 783 820 
72 325 82 329 881 842 686 866 461 949 
138 492 253 608 240 162 690 255 968 431 
815 923 432 844 541 930 90 632 851 868 
56 174 669 782 457 171 371 650 719 412 
104 906 155 927 578 176 944 105 174 454 
791 301 338 113 310 381 30 753 70 237 
177 484 114 710 172 514 273 922 198 343 
752 488 829 869 294 692 816 264 375 976 
216 65 177 704 123 759 986 390 105 235 
112 849 767 333 904 365 587 958 483 359 
631 504 170 251 764 982 651 488 689 113 
479 125 101 653 138 653 518 196 645 761 
115 57 30 337 272 571 413 945 907 685 
692 787 811 5 778 626 814 611 879 665 
921 602 757 806 377 193 599 695 266 540 
89 984 332 647 363 956 567 38 400 847 
52 827 407 565 518 159 327 797 608 974 
837 635 581 7 45 88 341 558 778 961 
767 804 945 536 244 766 616 961 162 22 
253 165 788 299 392 632 684 793 742 676 
569 25 11 941 888 715 486 975 381 526 
931 847 668 865 271 927 936 7 584 306 
807 774 950 447 71 11 406 820 312 465 
684 586 125 196 47 414 410 375 981 27 
18 474 482 117 296 943 448 383 111 724 
178 889 988 570 664 285 241 999 559 621 
841 571 963 63 77 363 121 104 45 229 
308 6 708 664 17 877 152 957 176 979 
563 505 72 92 496 612 329 242 847 16 
628 643 127 461 231 991 469 424 140 725 
916 706 25 848 172 683 240 445 944 841 
426 703 29 980 929 865 646 516 145 90 
676 355 804 914 131 620 755 323 834 493 
380 585 969 914 920 285 10 362 463 701 
687 781 960 605 28 570 202 111 686 272 
516 660 200 80 734 732 6 11 514 298 
256 172 232 801 614 965 985 209 577 907 
785 170 779 167 944 551 413 386 357 523 
655 519 112 182 743 436 78 721 101 80 
301 902 508 907 999 915 589 663 814 968 
288 412 378 890 203 324 768 691 974 60 
252 637 566 256 294 460 573 173 749 458 

547 669 623 859 509 351 25 264 581 285 
802 287 674 733 956 829 902 70 878 900 
582 49 156 99 145 303 257 915 684 217 
532 601 566 824 606 418 153 701 402 820 
770 698 370 378 566 13 385 341 462 91 
789 582 683 578 25 95 578 209 99 34 
768 187 49 292 163 303 915 856 318 754 
168 634 48 478 637 519 990 849 295 913 
472 751 553 271 579 190 492 468 570 1 
576 147 477 90 997 444 523 866 94 313 
497 963 525 666 391 286 94 797 564 249 
924 738 241 632 961 661 527 167 913 250 
445 921 211 339 779 123 634 716 774 564 
236 85 95 233 870 694 336 825 100 997 
868 967 443 701 679 131 383 594 6 124 
467 515 85 935 173 371 880 853 393 366 
232 120 71 411 379 580 326 969 354 293 
101 173 244 309 340 285 641 176 308 181 
446 180 13 871 423 527 20 826 189 694 
559 665 305 806 861 25 890 523 487 712 
995 229 833 539 895 112 569 138 149 16 
249 370 321 752 323 272 216 396 46 316 
986 898 149 75 322 449 268 426 558 914 
171 144 18 911 960 303 736 51 388 236 
614 50 208 750 16 260 526 389 636 499 
4 589 957 262 666 614 320 519 700 599 
184 760 149 739 525 599 913 118 63 187 
15 65 848 3 875 659 307 910 337 338 
513 671 896 658 135 833 529 293 618 553 
760 214 225 713 665 878 391 663 438 690 
383 45 448 306 300 756 44 474 921 685 
77 346 403 772 436 150 194 840 504 522 
255 312 286 965 438 324 775 871 399 289 
600 98 990 610 385 602 681 514 314 468 
797 957 544 111 25 120 931 574 896 357 
650 977 250 881 882 306 318 408 762 26 
647 189 795 762 920 122 852 482 424 118 
857 977 519 831 663 926 131 810 515 930 
9 561 318 775 308 516 755 873 614 884 
725 397 132 196 316 295 577 130 91 456 
556 757 36 281 631 642 60 956 238 191 
580 837 579 292 601 933 885 524 192 813 
26 210 856 252 48 529 505 80 866 418 
807 254 529 785 755 209 456 660 598 322 
657 640 887 916 738 736 493 170 64 872 
25 533 742 342 24 995 270 549 443 784 
579 845 527 857 432 190 472 364 406 255 
927 11 746 678 737 878 112 351 725 993 
815 34 459 682 361 74 746 192 359 473 
216 595 508 524 736 548 198 312 441 360 

599 627 55 599 472 946 359 87 150 58 
885 125 318 647 47 462 572 361 464 533 
1 323 581 159 702 251 537 675 970 528 
29 430 599 314 877 115 451 494 212 178 
251 770 580 80 379 508 748 41 87 658 
426 7 904 266 984 726 953 971 875 294 
122 792 248 108 153 170 64 720 476 705 
478 37 387 960 10 756 824 784 505 976 
387 91 573 956 667 424 963 85 906 896 
218 989 573 253 265 820 966 934 477 979 
421 117 569 590 826 676 691 529 923 803 
224 570 59 935 38 719 114 903 579 852 
54 599 233 414 576 801 875 989 204 651 
234 401 938 438 233 914 160 551 761 733 
855 92 885 181 205 401 713 702 16 351 
707 314 239 387 809 44 183 35 619 14 
169 79 306 307 99 279 455 458 316 852 
178 537 558 295 600 884 11 2 54 713 
430 903 262 624 992 147 235 443 537 929 
541 914 933 275 402 612 189 628 285 398 
479 735 851 700 499 596 749 544 198 580 
631 543 231 433 498 878 413 617 540 805 
207 67 514 627 456 723 214 375 788 94 
432 490 267 47 870 550 560 342 840 341 
900 147 701 797 674 407 82 788 119 532 
350 453 229 991 530 706 491 641 182 878 
759 927 818 973 765 591 876 34 552 681 
625 45 552 814 645 241 780 595 470 203 
141 528 967 615 126 46 594 914 519 388 
625 457 627 129 354 730 269 432 534 989 
65 357 264 71 974 274 391 953 758 691 
291 240 338 317 406 360 332 768 291 488 
574 42 16 245 368 724 800 390 736 94 
730 95 128 375 707 96 613 844 280 870 
728 465 800 639 584 776 389 188 942 815 
948 579 548 370 885 835 958 830 997 469 
410 976 143 183 219 238 603 462 634 842 
460 705 331 611 830 937 740 707 572 975 
70 279 836 538 821 339 337 941 987 590 
438 190 43 149 942 99 321 733 475 306 
952 72 590 430 861 362 472 876 393 126 
64 868 990 300 541 353 985 578 501 885 
698 301 727 377 231 526 478 517 177 138 
865 169 646 15 120 41 224 83 18 446 
550 448 847 878 673 259 745 81 407 129 
277 577 144 198 12 233 418 993 393 115 
589 414 875 874 413 832 960 853 174 760 
902 966 94 947 889 700 467 952 137 522 
27 303 86 941 316 203 712 876 27 896 
642 969 351 491 673 655 188 678 399 610 

125 557 6 16 952 492 938 949 1000 816 
495 852 161 382 570 934 542 964 350 557 
70 356 79 616 987 794 337 920 170 581 
622 789 499 546 997 750 795 522 42 645 
396 392 544 263 227 128 973 743 223 143 
612 738 139 611 588 484 932 434 61 491 
219 569 866 354 237 631 83 167 771 474 
795 638 344 395 670 494 501 940 735 748 
120 983 430 497 890 810 588 59 386 650 
35 143 164 62 720 641 895 909 829 231 
155 605 231 540 389 748 420 931 458 678 
327 85 679 564 826 314 865 550 536 375 
968 132 892 715 849 454 469 327 625 280 
893 622 493 853 24 179 607 825 433 766 
365 210 722 891 209 238 9 530 294 898 
96 782 171 212 989 587 427 172 415 811 
478 192 117 840 59 348 554 323 797 839 
824 693 554 697 901 270 670 41 394 136 
191 846 610 874 189 904 466 108 85 461 
488 437 359 744 351 165 221 973 458 467 
506 114 44 585 999 239 775 89 111 281 
465 502 987 169 251 432 515 775 510 396 
359 75 820 576 0 882 412 34 207 312 
731 862 973 825 658 234 974 803 832 225 
986 902 337 384 406 171 569 253 868 80 
172 299 57 10 870 142 736 620 194 246 
215 663 553 61 341 51 828 617 35 888 
203 812 359 468 366 429 282 119 292 691 
147 811 391 993 272 355 932 807 911 195 
570 597 910 394 987 83 544 942 541 125 
956 234 61 389 961 916 105 304 872 913 
756 955 176 613 82 247 869 754 280 331 
423 207 653 708 870 111 334 414 772 19 
944 829 930 903 260 765 107 860 315 641 
423 890 632 837 972 781 458 463 887 548 
656 81 105 81 290 386 281 589 180 955 
901 539 102 836 307 116 697 769 513 106 
930 276 642 953 916 554 928 2 129 957 
268 973 691 946 928 466 464 213 555 216 
869 34 556 94 223 759 331 522 348 77 
791 714 992 11 245 304 140 544 981 264 
52 29 717 365 309 814 231 100 379 726 
83 575 965 738 828 447 982 781 982 458 
193 283 432 246 794 530 866 874 469 402 
146 320 606 505 169 397 632 447 974 599 
420 347 314 828 874 998 217 19 581 926 
151 263 325 35 640 893 179 727 816 800 
151 270 399 162 518 748 0 226 335 618 
240 142 124 63 354 396 661 105 472 478 
938 178 358 532 939 806 296 26 385 168 

794 821 961 962 242 337 559 595 576 323 
888 627 634 365 85 265 204 595 707 138 
131 775 217 750 776 655 662 248 321 391 
253 540 118 781 787 721 833 141 983 654 
675 718 881 386 229 335 283 589 945 849 
833 892 509 56 683 744 588 417 173 750 
55 462 749 945 969 916 624 70 973 67 
938 194 667 374 776 371 404 876 556 709 
293 676 757 361 355 102 595 260 299 485 
272 312 271 463 361 855 24 19 298 361 
227 528 26 300 536 708 229 720 862 289 
753 355 567 704 100 609 503 314 984 371 
862 228 624 237 335 166 777 36 113 757 
992 609 236 557 772 190 564 533 602 982 
818 665 73 194 11 418 240 565 981 646 
899 370 118 109 560 160 798 970 241 568 
816 240 897 236 618 399 47 597 686 401 
431 325 224 243 783 687 117 527 605 36 
629 139 704 918 565 48 230 408 820 711 
837 213 314 819 735 268 680 639 97 667 
138 52 289 583 524 321 233 494 60 348 
558 38 432 927 610 600 776 474 259 52 
774 357 755 889 706 266 434 200 297 66 
162 252 753 927 276 751 365 527 999 573 
142 194 678 748 496 683 321 894 632 871 
539 820 720 740 357 341 598 103 28 246 
301 559 35 341 825 854 410 307 98 326 
711 260 495 842 275 179 839 653 922 878 
640 939 516 220 540 204 300 643 873 602 
216 42 228 759 663 497 521 780 611 932 
805 743 936 237 627 425 953 902 885 547 
996 801 201 850 639 235 976 941 401 788 
825 1 721 815 217 546 937 825 582 129 
556 433 82 779 792 491 540 225 39 423 
788 922 858 944 313 342 525 27 132 162 
176 956 537 121 691 808 191 144 407 411 
531 128 413 605 924 195 967 971 700 40 
255 527 317 969 893 513 724 963 314 64 
514 660 114 816 963 845 11 619 246 331 
706 93 828 270 389 473 824 847 904 373 
465 69 710 242 80 740 940 406 318 391 
581 584 635 731 551 4 967 478 14 393 
185 884 984 766 787 910 946 0 183 706 
372 661 522 889 834 275 75 265 291 387 
887 641 662 617 752 42 37 36 146 398 
455 106 445 151 403 87 792 43 724 648 
858 889 286 484 894 436 448 961 858 374 
741 266 592 587 889 64 728 155 342 372 
767 683 643 557 43 368 67 757 198 54 
550 928 922 400 940 484 930 597 219 730 

447 840 413 682 933 47 649 88 50 672 
171 202 673 176 811 522 592 398 987 12 
414 818 654 469 781 499 216 695 776 703 
260 643 967 630 555 52 331 328 206 346 
415 187 255 51 536 727 113 206 738 891 
435 691 157 985 49 95 71 494 702 802 
877 946 736 448 337 801 306 713 360 563 
397 815 992 443 365 981 937 344 895 302 
890 205 977 32 267 802 747 893 838 413 
271 684 290 313 471 47 495 810 84 375 
67 376 758 4 906 148 531 145 749 744 
365 841 709 112 627 424 213 8 254 289 
258 121 205 799 201 766 127 32 293 863 
403 379 869 89 359 558 432 644 777 485 
280 34 885 104 795 476 806 983 326 579 
508 148 455 683 257 817 314 457 989 442 
299 450 31 255 905 805 687 597 378 155 
405 692 289 933 991 803 508 482 693 728 
56 406 511 302 346 760 81 643 231 938 
793 958 929 23 809 674 264 76 764 615 
166 806 201 415 929 577 162 919 768 133 
421 396 695 537 363 941 463 538 789 382 
579 498 625 982 515 845 280 308 537 951 
635 686 524 121 522 178 24 28 912 312 
568 331 425 350 638 303 810 147 39 128 
524 828 792 19 16 575 970 968 687 526 
389 742 373 17 812 28 278 346 623 125 
702 428 945 96 175 249 291 129 992 482 
295 345 279 70 780 911 890 178 412 595 
96 934 214 167 301 217 182 791 473 608 
488 245 624 538 858 500 473 194 402 597 
90 722 742 967 62 913 150 976 2 208 
911 889 120 668 741 53 35 157 343 426 
544 159 783 12 735 568 503 385 889 149 
972 773 202 602 76 730 545 843 133 503 
468 765 455 69 980 427 124 402 345 609 
115 125 309 987 183 802 585 950 241 13 
187 211 386 871 498 797 981 201 329 422 
476 539 415 580 406 140 397 509 92 300 
69 357 721 546 708 230 387 735 403 798 
774 189 960 389 54 394 724 162 854 176 
381 564 743 997 914 87 984 36 29 396 
93 197 335 252 846 435 732 431 100 949 
704 784 305 432 744 732 905 991 624 74 
134 684 355 875 412 341 435 497 307 443 
900 112 183 43 164 443 145 785 898 395 
107 629 807 512 996 799 87 923 711 378 
29 824 794 90 334 623 164 631 794 648 
189 597 848 779 508 607 51 303 144 10 
965 295 474 379 552 729 901 18 58 983 

399 818 164 960 365 949 197 678 500 422 
200 968 379 455 967 154 240 212 160 594 
365 368 68 554 319 423 348 905 562 471 
334 729 886 253 618 217 725 451 372 111 
205 976 449 633 240 689 319 863 630 525 
927 728 915 454 187 523 599 957 626 54 
220 283 86 308 786 659 34 879 227 444 
828 209 378 280 366 209 623 292 655 854 
14 14 461 204 339 516 84 128 309 493 
285 597 250 582 429 322 883 657 125 63 
967 544 445 978 745 908 137 850 975 863 
364 291 573 995 190 990 700 522 518 58 
81 676 112 314 16 30 344 410 464 790 
919 983 482 372 627 798 852 182 73 318 
934 604 971 7 112 687 761 42 989 978 
114 32 888 692 885 79 707 40 752 137 
753 866 683 313 59 926 20 793 957 921 
264 474 790 818 735 807 573 360 298 338 
230 929 746 406 919 823 189 867 635 980 
990 92 285 275 762 284 262 693 617 233 
740 492 44 753 862 294 731 236 790 351 
914 990 508 607 786 816 873 443 338 707 
733 412 189 980 803 359 441 426 862 948 
662 173 995 67 647 123 275 469 351 617 
464 394 152 240 535 817 377 802 668 229 
140 994 39 182 270 14 59 250 771 24 
432 443 761 773 782 211 996 559 863 490 
47 231 494 17 636 202 421 607 224 280 
188 104 768 809 371 898 545 850 63 221 
313 141 668 161 927 631 861 495 444 232 
344 402 597 81 426 311 72 174 915 347 
998 354 183 680 346 761 940 43 439 669 
859 706 265 462 505 9 945 562 165 48 
588 680 141 303 160 224 392 894 998 541 
321 812 787 850 669 157 372 769 723 838 
178 116 627 316 809 279 91 416 923 51 
309 850 998 786 884 463 970 556 158 458 
489 9 22 719 787 245 146 582 91 956 
354 156 739 235 94 471 740 980 437 367 
530 164 435 423 841 575 456 32 875 583 
821 271 178 18 867 126 896 674 810 756 
248 934 892 371 202 280 296 226 307 23 
431 0 827 891 86 650 980 329 775 532 
351 366 216 697 773 791 133 488 560 672 
190 10 109 150 475 779 968 627 170 656 
329 364 893 487 727 827 521 509 924 32 
602 154 960 29 909 706 432 695 897 579 
16 712 463 440 160 981 122 45 210 786 
741 591 323 422 907 874 719 256 970 485 
47 850 551 391 121 726 922 853 336 58 

63 495 314 374 554 583 675 563 661 523 
946 544 593 299 898 502 556 385 105 83 
112 14 291 108 454 385 337 787 822 782 
81 957 52 180 28 483 434 849 520 354 
72 806 97 821 635 988 542 451 107 636 
284 605 430 349 519 815 420 419 335 549 
664 462 751 305 428 769 554 618 25 986 
400 591 925 838 361 82 368 894 458 70 
21 76 664 522 546 891 202 764 368 607 
38 312 49 762 731 155 269 932 359 357 
992 734 778 872 748 881 728 821 169 896 
217 13 202 837 124 660 745 746 69 489 
182 740 935 447 960 339 750 780 946 249 
176 595 95 582 157 381 376 759 832 408 
481 394 186 550 10 965 884 646 171 676 
107 815 606 235 180 494 326 652 960 636 
629 373 558 427 897 329 20 959 753 776 
483 616 635 623 298 482 636 288 626 559 
490 876 811 209 102 557 713 359 157 884 
61 775 955 100 569 798 563 767 54 430 
154 722 121 170 353 895 736 612 925 409 
485 467 78 697 594 461 291 800 919 723 
367 16 257 464 986 632 66 632 215 422 
515 902 644 926 122 607 832 32 73 66 
719 335 357 938 4 516 741 530 228 420 
539 1 615 820 474 339 583 86 254 910 
512 245 426 519 324 697 586 766 145 147 
555 988 832 740 322 157 680 122 531 526 
949 88 447 660 812 149 256 612 684 320 
136 399 344 923 478 230 471 543 585 412 
189 143 477 299 928 677 397 348 966 669 
403 479 197 804 515 679 158 91 449 653 
79 0 344 84 836 867 173 906 912 955 
953 781 446 908 165 827 835 364 268 848 
782 972 421 391 237 891 493 19 181 121 
889 841 532 861 709 866 289 162 89 296 
655 2 930 457 367 574 668 27 487 451 
726 496 532 357 200 508 789 778 684 828 
808 783 439 600 284 125 352 370 74 607 
784 121 72 953 34 343 968 284 819 419 
752 244 942 761 315 941 828 286 289 317 
382 208 824 363 410 700 558 175 69 441 
974 259 495 927 920 961 473 280 396 450 
545 19 323 895 707 619 375 116 150 246 
572 822 937 698 841 44 278 449 246 225 
285 146 662 59 815 450 704 147 982 994 
652 492 842 129 790 554 774 982 695 686 
16 159 702 904 361 739 448 346 946 663 
364 850 711 995 398 965 949 690 279 211 
732 234 938 850 538 110 30 546 195 647 

