500 10 10

-81 -159 260 -209 410 -71 750 -62 -46 -43 
-58 -142 361 627 351 315 -198 367 256 -30 
-26 698 502 -125 -144 -89 264 -86 278 -239 
363 -227 -113 -228 348 297 588 -120 449 -131 
617 -1 468 444 712 402 -89 -216 347 -77 
255 -48 -23 285 -33 302 -187 -137 -122 -74 
317 426 364 -24 412 349 394 435 -23 -6 
-108 -152 -148 375 304 443 273 -10 317 -238 
296 -152 -207 -114 547 293 -137 358 -75 403 
-6 -232 -4 454 477 529 -108 -35 -20 -120 
-42 412 -45 -182 -102 -29 -210 346 -170 -43 
325 -96 381 -43 310 -9 346 -199 -23 423 
268 474 432 -49 283 -77 -67 -76 -205 546 
-53 -51 338 455 -28 375 299 373 320 -16 
260 476 420 -33 399 -220 262 -54 379 -120 
252 335 356 -56 293 460 -118 464 317 -61 
-164 389 562 505 690 487 437 416 414 442 
605 320 456 318 -151 629 313 -11 352 494 
-32 -24 273 -216 360 -65 748 -21 381 -141 
-31 622 -171 316 -19 440 553 -71 -59 258 
338 -70 331 381 -163 536 410 -28 -206 421 
290 -37 292 -20 -195 -253 598 -58 -50 337 
-95 611 308 -141 -106 330 -34 574 -168 562 
-141 -211 520 376 309 -142 548 447 282 277 
366 297 460 -149 -51 -160 -144 409 -38 402 
437 428 332 -132 -26 -133 -69 -69 -59 -88 
-98 -70 357 395 -238 270 -109 -108 435 -58 
599 -167 -84 395 466 -224 -19 -65 356 -234 
499 419 353 358 652 -22 301 -170 -89 -57 
368 320 359 -14 300 -69 -168 -116 389 291 
-74 576 -147 673 -9 369 308 -76 -117 -50 
-109 644 528 377 603 -84 416 -101 490 269 
-110 540 571 442 -107 -239 370 -172 271 -206 
342 -5 -84 -62 411 -197 427 495 -65 -43 
359 -219 -188 406 674 440 410 -222 390 490 
357 -142 671 303 -72 -15 377 363 -195 -26 
578 -21 -112 416 -135 452 -13 -138 406 598 
-213 -67 -238 -183 303 -40 315 309 422 -67 
464 -24 -176 260 -12 -36 -42 275 -166 -194 
-120 576 650 -33 284 300 -132 -16 488 -86 
-53 -6 431 418 -154 -12 -109 -55 -239 -17 
-25 -8 -249 429 320 -38 300 284 723 359 
648 -177 -395 -79 362 -222 -142 314 -48 -198 
-6 540 -218 -157 322 516 383 -20 514 544 
449 482 343 -153 -11 464 -12 355 552 -42 
376 286 -35 683 258 -246 -72 326 274 -167 
-3 304 -29 -241 -202 -147 562 -33 -120 -194 
299 377 -79 -199 -158 330 562 -81 -68 297 
576 -216 326 -41 689 394 -57 569 439 -225 
312 511 -108 362 -38 -99 -174 540 -241 314 

186227 179340 183855 182528 181292 184156 189824 194974 189045 188541 

190498 183642 188471 181581 188384 187453 191444 182031 186812 189576 

450 671 844 465 789 670 317 16 7 360 
193 725 752 345 525 201 451 494 866 106 
74 335 888 33 953 701 55 36 788 178 
565 668 688 539 662 406 634 543 39 378 
425 36 680 429 725 638 797 63 500 38 
171 196 336 756 603 986 818 93 136 808 
77 866 984 169 866 70 924 579 951 270 
616 466 382 317 681 603 407 87 313 930 
390 930 100 370 906 563 528 304 66 174 
911 374 79 130 916 352 353 800 511 1000 
803 522 568 234 942 116 652 783 239 644 
459 410 312 960 958 957 711 491 721 216 
896 959 412 662 715 298 129 720 469 313 
453 78 447 333 255 34 745 783 738 290 
157 852 458 976 875 665 808 604 639 638 
309 965 925 674 664 921 936 362 768 18 
877 328 312 701 939 861 342 920 614 951 
305 531 592 81 70 804 103 21 866 207 
612 458 492 652 416 286 842 415 191 370 
511 853 354 847 495 771 62 92 563 351 
718 692 107 395 777 826 663 5 827 53 
340 983 812 233 78 319 443 506 578 959 
192 497 112 2 628 845 938 51 865 368 
496 645 873 287 655 857 904 943 142 555 
832 687 822 932 688 369 108 638 564 720 
192 617 683 977 394 712 770 505 962 778 
196 395 252 362 774 526 845 142 964 343 
17 599 246 596 896 69 647 99 301 216 
147 590 228 310 599 472 789 560 197 757 
645 514 94 467 784 694 766 178 566 25 
910 68 338 984 76 196 67 730 435 784 
840 365 442 758 382 205 445 168 730 592 
277 735 685 371 168 241 346 235 537 218 
624 834 262 52 992 959 747 879 62 36 
218 374 823 726 647 766 343 23 220 911 
792 259 954 553 537 940 218 965 804 510 
958 600 53 682 499 753 403 403 27 244 
529 354 500 182 346 178 771 744 718 499 
653 607 318 407 355 601 809 670 379 247 
557 681 246 19 804 232 134 57 372 133 
100 637 572 141 978 344 111 466 237 954 
803 689 272 518 494 588 953 408 101 255 
980 287 77 611 265 147 517 629 407 373 
233 900 493 609 984 636 148 124 896 37 
350 941 350 666 333 37 575 451 867 550 
166 714 381 877 676 565 759 863 56 640 
358 5 396 88 151 223 243 96 234 378 
780 971 62 457 799 822 355 148 122 883 
98 43 979 309 974 705 738 974 119 25 
206 514 754 153 108 250 665 217 55 328 

259 322 147 517 668 230 815 796 123 660 
533 636 294 415 435 624 342 515 184 903 
82 1000 206 50 396 770 153 873 205 374 
43 924 208 764 525 627 882 196 213 780 
917 275 282 400 679 866 889 259 174 179 
773 119 799 827 983 368 43 470 387 78 
353 613 287 29 865 871 906 348 293 571 
33 287 816 754 376 260 196 876 146 904 
813 393 336 23 303 827 692 301 24 998 
811 688 341 671 555 802 974 637 195 968 
608 11 235 76 326 984 199 706 366 133 
471 492 941 980 548 486 506 761 634 73 
395 617 120 160 514 957 72 724 310 949 
294 104 177 612 539 227 52 215 903 697 
589 533 513 977 196 126 614 708 432 131 
338 619 708 257 458 349 865 621 749 290 
449 518 253 379 233 286 514 837 29 750 
249 58 680 484 447 166 250 301 584 362 
520 418 789 427 314 437 433 351 727 792 
186 781 161 418 119 745 656 848 486 554 
855 325 300 780 800 65 833 580 41 179 
808 288 323 310 354 74 758 501 565 823 
855 806 439 28 244 543 317 628 437 628 
241 41 859 428 423 24 525 406 455 363 
231 950 248 956 273 7 929 847 152 920 
606 661 647 279 20 647 763 455 37 849 
449 392 946 50 400 746 828 885 542 305 
17 369 284 936 631 9 217 150 562 890 
335 528 685 160 847 731 361 575 277 232 
81 634 212 422 530 582 799 489 563 859 
957 308 216 544 858 815 294 788 580 888 
221 596 412 747 1 248 617 194 351 228 
148 387 552 142 125 972 71 188 944 759 
442 75 447 933 131 848 175 628 107 271 
970 48 635 909 751 59 290 789 459 212 
333 108 158 488 394 398 469 508 107 205 
683 22 659 133 111 678 601 792 723 471 
88 66 106 733 914 324 215 606 896 585 
62 1 339 738 195 464 855 433 404 236 
397 752 895 796 941 496 459 781 621 672 
184 104 715 20 589 23 396 353 701 126 
467 297 457 521 321 419 572 65 488 840 
969 573 85 270 725 498 320 332 812 691 
868 801 804 343 383 77 899 670 872 829 
65 177 956 63 558 707 992 777 169 708 
451 450 853 911 75 445 45 369 204 210 
673 64 15 579 560 132 249 886 164 473 
823 831 731 448 154 883 458 473 678 684 
826 865 210 960 624 387 423 288 758 7 
537 329 428 301 887 652 227 471 314 494 

391 906 879 760 850 683 925 459 64 474 
469 331 950 367 532 769 194 111 410 589 
33 373 336 593 339 80 763 223 7 792 
883 118 701 183 202 31 303 58 669 362 
462 573 604 926 910 408 257 909 426 172 
235 388 766 19 919 75 14 450 379 273 
201 47 866 141 629 266 567 380 769 269 
930 630 621 612 547 998 570 771 834 349 
761 866 554 582 884 625 216 711 14 274 
159 108 308 84 713 580 56 553 742 560 
194 908 253 167 621 405 683 91 594 832 
245 224 286 464 247 546 580 159 458 908 
243 858 216 280 854 342 176 922 278 958 
415 106 248 927 20 581 189 281 850 531 
909 94 548 303 739 752 578 745 774 253 
414 474 717 249 884 892 864 623 149 519 
471 599 499 875 99 334 689 881 166 473 
114 969 635 655 870 521 734 953 804 658 
650 362 994 850 635 935 653 600 394 549 
761 660 922 573 592 738 484 33 555 475 
808 259 690 530 462 201 179 287 231 35 
99 549 191 72 344 411 774 916 2 77 
227 642 749 32 568 488 448 584 99 752 
219 938 482 360 18 968 804 14 747 104 
143 173 633 467 342 254 519 702 94 167 
563 314 948 476 456 260 225 856 578 388 
136 578 583 782 205 240 690 979 878 268 
919 180 190 825 957 11 310 211 807 434 
667 642 193 552 333 757 994 135 820 469 
646 143 586 729 393 152 337 803 59 882 
91 197 341 356 44 349 848 334 104 537 
640 951 676 963 666 118 725 779 547 314 
466 95 772 624 939 475 463 895 422 1 
395 245 421 391 271 176 953 387 768 603 
924 719 218 70 721 572 984 589 965 431 
140 156 851 478 533 391 408 218 683 492 
347 922 124 653 802 571 500 814 580 249 
407 771 770 68 350 471 516 579 602 92 
853 497 636 958 846 802 424 325 244 948 
245 590 416 702 429 777 738 281 893 617 
469 64 603 109 905 257 147 769 187 73 
360 307 524 817 666 878 900 763 933 322 
725 18 411 238 279 916 646 306 158 425 
920 94 278 329 422 906 90 551 25 212 
439 886 91 699 308 591 240 15 645 33 
932 292 92 373 287 955 230 886 568 479 
558 267 591 695 309 122 384 233 813 340 
240 521 392 827 313 748 330 379 134 631 
824 491 53 237 848 83 279 125 982 139 
209 784 698 895 216 500 515 892 391 714 

361 609 120 47 813 910 772 252 449 333 
730 158 63 763 545 173 66 277 637 301 
591 714 739 798 65 293 485 756 959 903 
109 526 519 166 298 774 815 896 827 30 
783 965 950 429 863 679 182 131 474 211 
377 434 760 861 781 113 645 501 622 647 
586 859 888 92 335 179 245 927 693 521 
366 447 485 147 88 211 379 585 894 232 
672 501 657 717 538 266 183 104 219 687 
385 758 988 440 234 925 584 712 504 58 
321 497 429 425 434 343 210 136 641 495 
64 843 915 355 638 901 692 131 946 467 
70 378 448 72 869 302 643 784 75 653 
158 958 985 744 512 132 544 608 220 77 
794 939 996 884 28 341 625 211 32 166 
60 379 204 928 945 278 348 77 529 750 
880 946 892 283 621 925 800 823 453 592 
92 234 630 187 219 828 330 83 921 806 
316 220 439 639 430 47 926 695 890 140 
765 918 798 199 699 626 743 450 700 2 
833 605 107 814 588 184 715 930 639 637 
438 942 880 958 914 991 515 577 438 44 
375 77 912 168 198 611 412 978 45 166 
4 494 622 481 154 353 453 922 622 695 
801 578 392 348 478 714 309 805 28 412 
906 748 794 447 985 469 872 208 630 268 
103 664 32 370 250 714 888 92 193 297 
835 482 392 916 840 152 508 337 368 158 
33 346 520 631 788 785 688 268 180 373 
329 823 839 514 720 559 877 858 573 206 
351 717 98 900 254 410 908 113 483 347 
524 756 90 225 850 918 109 373 645 566 
977 617 21 371 355 258 765 700 233 591 
545 736 656 334 452 108 489 787 262 463 
26 312 199 14 22 562 231 1 156 465 
241 450 384 278 827 577 100 418 246 290 
4 954 445 425 948 740 87 50 234 761 
405 298 410 472 203 669 918 390 607 439 
210 759 242 489 481 50 633 273 169 256 
3 72 910 43 216 417 178 39 117 455 
352 10 681 652 323 578 567 8 361 171 
226 728 431 461 874 802 683 223 705 690 
307 477 28 342 169 618 177 257 947 7 
645 834 204 967 971 954 797 824 11 336 
969 426 409 228 626 524 352 830 599 211 
74 460 834 530 1 181 259 264 650 193 
271 468 695 20 950 961 761 574 511 913 
480 508 83 35 778 773 716 804 509 260 
868 255 148 920 22 605 595 452 157 618 
331 567 509 917 747 628 709 678 309 280 

258 988 836 165 82 470 567 56 501 973 
703 100 396 955 335 269 254 103 632 340 
638 755 218 966 135 596 202 755 403 399 
246 6 245 475 865 498 68 331 311 479 
197 839 448 375 581 271 420 179 259 632 
394 44 672 802 385 835 338 487 683 120 
677 996 508 91 562 469 342 483 947 41 
82 74 363 26 174 428 855 755 258 955 
948 80 616 781 256 247 438 561 585 784 
501 923 214 701 568 573 870 809 963 345 
580 154 328 807 976 830 307 84 612 551 
473 533 347 775 723 854 961 170 595 693 
290 653 659 917 420 338 504 356 556 848 
881 163 634 277 34 281 355 523 958 790 
810 699 833 88 358 21 593 816 9 242 
912 417 518 472 610 406 504 859 702 280 
578 611 702 34 499 449 23 565 237 121 
928 707 370 527 106 124 765 97 28 770 
961 801 443 853 141 895 499 476 634 272 
617 354 777 864 188 301 832 464 655 366 
238 616 935 82 475 491 669 386 2 29 
50 372 105 702 389 55 750 251 927 770 
777 248 545 754 409 120 90 397 320 545 
130 17 86 976 693 411 110 943 968 249 
611 48 605 831 224 696 487 714 746 148 
645 405 862 517 86 55 842 867 312 537 
148 971 256 560 924 144 833 279 451 522 
757 490 784 361 93 66 135 896 776 684 
944 98 933 896 385 398 144 769 91 801 
518 953 228 151 610 435 473 506 907 286 
242 998 627 52 363 922 368 390 150 239 
136 757 810 661 687 928 801 338 464 41 
516 594 989 430 504 86 838 17 405 492 
227 46 954 730 706 583 762 426 976 594 
612 19 287 589 918 837 27 815 599 147 
93 182 895 662 763 536 183 366 198 82 
735 208 490 498 556 205 499 596 350 472 
147 487 58 893 486 77 493 602 298 349 
995 223 455 209 650 397 802 390 738 944 
249 39 360 268 614 591 815 969 508 539 
70 709 571 500 360 109 828 213 102 676 
226 176 4 792 206 769 318 399 753 128 
600 132 88 999 56 961 209 599 461 228 
615 27 51 226 623 777 349 276 712 924 
498 755 301 427 139 204 147 679 778 244 
953 206 539 66 185 243 783 856 338 810 
252 711 3 76 765 853 368 15 891 592 
380 842 777 975 162 780 640 172 844 154 
631 20 728 98 745 10 550 682 308 495 
985 295 212 578 928 871 332 631 324 229 

575 386 376 696 450 751 906 235 547 233 
475 114 517 254 792 825 746 588 493 164 
583 863 127 678 94 814 951 531 751 112 
469 452 796 273 314 149 374 173 315 272 
859 49 287 344 796 220 847 429 496 480 
472 938 906 688 122 136 218 457 470 576 
903 288 698 267 904 303 652 338 589 375 
167 228 145 877 296 331 635 164 519 270 
49 30 407 188 755 674 92 92 328 212 
191 159 316 895 131 275 52 579 148 726 
711 631 853 687 164 565 662 964 619 776 
887 722 117 870 896 497 723 269 540 59 
504 375 657 904 861 645 808 395 120 797 
636 482 539 27 293 784 245 321 546 298 
980 790 488 716 518 295 773 849 746 129 
194 796 785 298 716 298 595 458 226 796 
251 548 251 709 450 556 23 671 908 713 
482 22 61 615 8 961 490 891 244 165 
175 886 239 384 243 229 288 765 686 998 
567 732 390 714 738 143 771 723 340 821 
9 900 312 63 87 404 129 724 610 137 
287 532 11 147 545 918 680 775 134 898 
413 904 473 478 672 606 375 921 408 774 
458 257 363 868 411 909 930 515 450 514 
645 104 21 438 133 498 674 46 694 834 
548 456 473 794 39 88 267 55 516 651 
911 630 515 484 283 264 532 825 573 821 
795 933 396 458 567 772 999 34 641 433 
846 965 668 600 674 27 513 402 373 558 
120 35 480 259 638 93 881 792 961 635 
649 402 908 597 695 221 419 358 783 754 
382 831 263 319 469 657 935 634 904 813 
918 668 683 251 197 533 643 693 996 515 
60 402 438 546 454 905 102 778 75 955 
701 476 289 238 267 874 464 355 129 697 
834 496 96 63 541 107 252 836 498 211 
965 91 260 822 563 53 855 577 672 337 
174 187 459 150 746 209 975 732 235 359 
936 198 457 179 129 784 799 578 485 296 
164 823 924 70 65 991 66 931 689 582 
262 467 892 615 31 777 754 77 6 823 
208 501 219 170 308 607 970 696 703 577 
618 249 520 26 736 294 819 711 864 164 
987 439 687 630 245 966 114 30 72 732 
238 969 877 780 956 318 147 844 834 21 
39 879 17 239 134 331 531 497 170 411 
224 944 470 221 333 579 17 137 747 627 
380 78 48 52 44 292 232 856 422 433 
202 112 662 964 395 553 566 571 698 8 
303 461 592 742 544 783 542 962 369 423 

851 425 46 570 844 846 349 910 554 441 
270 542 818 377 733 249 415 225 528 57 
128 747 545 861 529 704 611 765 922 251 
764 289 226 560 895 216 993 416 966 65 
304 473 281 52 153 120 250 477 782 726 
189 726 203 762 456 313 707 484 453 592 
347 510 970 134 855 912 437 41 664 722 
912 429 747 864 505 698 249 468 287 169 
152 807 403 225 876 390 508 388 981 180 
80 8 951 467 363 990 532 33 874 388 
521 852 44 307 259 198 141 929 567 143 
986 172 293 126 484 291 522 397 941 892 
784 398 956 236 366 137 87 826 462 755 
397 850 259 182 521 403 863 571 150 280 
910 760 797 39 852 617 199 675 855 840 
299 961 963 724 231 356 490 898 663 241 
272 350 582 338 767 216 807 588 464 519 
874 607 36 223 239 953 358 425 236 913 
777 438 503 971 480 180 978 697 481 21 
378 308 392 834 997 781 501 586 438 438 
614 858 651 479 738 867 673 570 754 439 
740 862 224 433 240 395 477 71 262 370 
996 65 360 962 975 199 363 426 413 748 
327 162 744 844 968 552 536 550 761 643 
562 985 309 393 934 496 38 177 906 374 
530 808 722 256 345 308 981 644 623 538 
182 517 617 367 631 940 305 265 517 22 
9 627 716 672 465 395 833 355 265 124 
905 575 758 226 308 104 837 385 553 115 
177 163 57 535 595 366 467 892 294 842 
194 397 688 147 800 12 719 843 881 97 
58 748 488 371 770 88 970 786 181 401 
180 531 577 672 709 337 88 102 91 882 
791 60 415 377 214 226 744 333 967 729 
72 172 695 730 16 202 687 947 116 535 
791 197 998 787 367 679 915 50 757 919 
456 840 341 942 219 723 771 57 122 867 
98 830 124 618 226 845 264 484 476 370 
721 941 157 316 558 756 779 120 875 860 
35 402 394 132 406 600 215 859 384 231 
926 590 918 474 789 69 770 878 657 73 
864 478 490 725 70 167 221 287 198 715 
821 381 499 695 617 176 212 163 739 802 
611 508 726 990 461 4 781 283 288 708 
731 104 269 406 390 199 162 862 67 202 
767 202 784 751 492 181 484 522 599 311 
622 622 158 353 272 227 910 316 378 614 
42 920 366 155 27 843 887 499 138 911 
751 534 246 634 757 1000 966 644 468 539 
165 971 962 56 496 326 661 972 441 627 

589 236 137 729 161 313 696 28 707 121 
5 996 578 828 691 85 764 753 641 269 
456 731 431 159 884 896 402 226 636 107 
614 632 685 990 982 287 757 570 758 218 
610 689 842 965 732 834 6 946 556 762 
381 639 681 186 70 676 247 294 258 949 
822 23 518 348 435 236 56 147 513 733 
915 988 86 419 571 833 509 281 856 858 
686 67 283 274 791 360 49 569 937 529 
522 96 259 551 624 110 871 766 143 28 
830 284 25 162 653 351 416 248 156 641 
56 781 434 372 585 631 778 757 184 975 
339 707 184 666 795 501 627 734 57 660 
404 355 596 677 168 885 791 421 903 795 
730 58 414 689 343 205 833 30 585 321 
283 45 101 523 846 827 997 423 378 357 
16 894 765 879 739 649 646 84 550 621 
937 993 702 724 890 881 990 454 106 726 
197 508 843 715 598 569 875 148 242 846 
482 667 805 500 228 593 602 73 381 704 
936 838 655 995 658 270 668 898 143 599 
325 911 550 214 46 474 7 724 784 901 
89 507 700 598 280 406 632 888 946 635 
819 776 758 18 872 888 364 538 853 606 
905 712 16 410 459 79 534 594 231 302 
851 221 212 652 481 177 720 132 657 20 
107 696 330 813 551 231 868 393 164 647 
771 653 110 993 709 982 317 718 402 129 
208 133 198 180 928 970 264 905 974 790 
983 486 604 360 433 414 116 911 68 933 
51 388 672 470 315 233 307 788 468 725 
666 922 368 715 480 787 904 893 641 912 
385 83 203 878 303 475 641 196 517 80 
430 564 665 835 27 273 115 818 18 387 
831 435 799 130 639 366 729 913 218 829 
660 270 795 77 139 491 481 561 152 789 
314 355 756 511 526 962 461 599 900 259 
354 811 511 855 959 932 215 999 513 903 
832 394 593 906 74 194 761 789 765 186 
88 684 98 713 381 702 34 795 588 463 
487 123 667 189 956 274 764 517 318 886 
705 732 583 484 97 764 55 220 804 868 
425 822 328 79 190 720 17 928 700 564 
178 970 260 107 382 585 494 189 285 167 
901 428 551 776 194 899 818 573 137 993 
844 530 150 989 600 30 173 73 376 917 
452 943 990 7 98 36 458 766 636 838 
746 410 179 79 837 348 263 951 862 613 
681 18 298 436 971 647 160 842 665 292 
314 565 332 114 936 246 378 788 231 364 

239 902 363 93 401 424 882 928 38 695 
253 946 79 856 348 956 569 964 184 602 
8 489 456 402 258 238 152 608 739 604 
573 180 502 806 41 80 775 407 150 394 
881 397 933 655 986 425 324 626 736 619 
769 950 346 440 265 425 799 683 462 637 
319 853 428 717 346 716 603 788 308 564 
874 797 30 296 607 905 788 774 553 612 
680 734 234 847 17 441 277 500 402 561 
379 587 284 493 813 343 267 9 329 416 
506 254 356 118 910 839 364 114 898 7 
203 253 720 707 587 501 155 684 332 426 
396 192 870 37 67 309 815 131 409 37 
723 948 367 503 510 439 752 756 515 18 
231 124 818 587 57 380 524 670 160 720 
110 172 989 408 823 344 59 981 825 785 
27 896 673 922 923 854 15 848 974 445 
596 832 961 949 175 518 307 799 197 901 
930 695 596 106 269 713 350 423 453 245 
614 944 562 889 827 655 935 283 927 296 
102 51 527 396 297 666 425 654 661 525 
215 520 623 576 613 994 971 891 19 967 
169 732 179 416 262 298 986 253 195 821 
71 368 544 463 453 31 407 819 23 4 
496 95 336 175 128 458 289 79 176 166 
551 458 694 132 433 410 326 378 941 603 
991 94 877 886 125 775 740 840 722 776 
268 208 300 251 314 762 132 567 824 694 
148 505 120 392 941 260 57 533 299 129 
100 914 106 620 315 541 13 60 910 784 
243 800 989 377 672 714 820 266 820 645 
490 881 262 622 664 352 622 292 34 98 
141 526 399 642 125 745 728 419 24 366 
170 766 394 213 859 487 397 948 983 383 
104 638 400 80 775 899 198 170 481 995 
724 48 387 755 926 793 592 635 460 80 
853 253 488 315 166 462 623 219 835 625 
617 200 696 8 200 898 55 234 803 999 
221 731 255 495 527 742 226 697 82 123 
231 180 845 953 217 438 48 354 96 884 
529 161 996 749 35 884 612 111 653 265 
405 238 579 218 364 488 854 857 530 162 
436 98 298 616 688 210 163 231 256 755 
398 731 137 948 311 919 826 450 963 664 
698 842 694 144 322 538 89 707 387 746 
758 851 222 806 523 612 486 976 360 271 
805 191 489 407 656 818 978 77 804 250 
885 900 734 19 276 916 412 825 776 767 
948 498 822 909 808 624 540 631 990 179 
759 989 440 479 633 729 41 651 869 448 

435 957 547 332 952 597 450 146 375 648 
376 452 778 946 18 798 521 216 588 1 
528 258 1000 298 169 100 935 680 818 462 
240 735 445 833 491 639 889 888 965 139 
235 864 145 179 996 128 867 537 489 678 
979 755 382 95 715 429 264 820 34 644 
700 85 108 731 826 966 31 669 961 341 
30 519 514 455 644 67 836 597 343 156 
338 394 562 788 406 544 153 399 260 840 
946 942 743 254 408 707 836 574 318 671 
536 986 774 461 458 998 503 636 712 577 
112 703 418 644 559 469 105 207 88 7 
422 112 687 61 882 219 764 23 457 232 
112 61 21 992 547 389 651 661 964 807 
616 572 757 314 650 531 196 29 630 658 
682 373 813 788 649 354 702 970 24 592 
473 572 942 190 777 807 623 816 871 740 
34 436 725 294 86 910 378 753 840 637 
15 683 86 98 227 540 529 412 434 941 
420 805 166 122 406 42 507 86 730 501 
156 355 329 10 23 663 364 659 49 901 
627 396 169 808 372 870 717 936 93 924 
424 538 713 375 774 1 482 306 564 231 
282 524 347 754 769 721 982 342 6 48 
304 622 766 506 119 538 533 392 606 904 
647 513 126 450 277 565 874 691 145 765 
180 81 920 982 243 777 115 394 345 741 
651 349 46 694 71 176 535 586 320 920 
708 427 638 507 948 270 250 424 233 726 
979 443 467 988 437 755 677 87 893 788 
345 939 629 619 213 483 896 709 506 174 
636 495 104 155 747 331 108 100 687 247 
420 540 640 229 184 279 616 810 745 246 
777 64 486 295 492 465 467 719 432 578 
696 967 307 940 906 23 564 113 236 557 
565 954 731 923 89 947 972 724 625 595 
270 637 206 549 528 379 174 280 272 952 
175 190 416 373 684 863 185 862 915 915 
845 393 82 410 494 492 125 356 583 601 
392 879 878 3 460 739 502 733 372 239 
822 863 461 122 163 8 736 193 814 330 
998 900 94 944 896 335 300 456 852 312 
648 168 998 213 919 682 124 531 625 879 
167 303 803 261 163 117 241 768 885 106 
393 441 87 697 256 682 582 695 702 149 
446 144 216 119 745 934 241 136 620 525 
760 311 166 215 704 472 759 16 137 221 
317 97 554 341 990 341 715 590 404 549 
51 500 923 579 447 431 859 929 493 654 
446 416 884 502 825 807 972 257 35 434 

556 736 301 111 704 408 163 315 670 457 
357 916 614 60 373 182 129 767 896 178 
975 226 404 833 575 340 321 580 425 955 
739 473 946 666 630 462 841 2 778 714 
855 768 141 847 325 765 10 162 208 981 
638 184 124 910 332 634 555 55 396 23 
171 310 181 378 600 742 275 601 951 731 
166 659 15 230 577 807 420 862 974 991 
795 938 792 647 59 991 759 627 328 902 
629 510 103 788 73 379 573 783 310 38 
700 342 533 681 300 205 855 69 523 311 
669 887 130 177 103 110 623 985 69 61 
511 331 493 688 307 751 731 797 726 939 
813 341 713 335 15 43 335 850 303 288 
492 577 626 7 768 693 170 199 304 650 
644 258 363 631 924 780 987 221 11 415 
19 345 860 357 174 915 242 575 719 793 
462 663 152 893 471 614 581 911 868 579 
373 665 634 412 254 432 273 281 561 643 
781 83 755 271 873 146 670 703 90 63 
712 67 555 835 405 178 923 591 723 351 
505 178 427 532 72 850 539 892 386 394 
778 173 462 0 153 641 470 370 554 141 
800 585 345 872 956 560 805 585 222 460 
130 236 400 660 637 547 237 406 654 62 
512 540 699 714 48 360 433 943 716 413 
766 113 490 319 636 210 875 838 699 651 
34 953 501 907 776 393 361 537 180 629 
713 507 405 479 354 174 928 271 187 692 
630 483 329 590 868 967 811 934 412 874 
207 472 612 137 798 190 719 608 636 437 
58 31 559 309 70 712 907 315 941 637 
141 847 80 929 279 611 608 990 106 771 
44 530 205 858 339 937 165 37 438 362 
35 725 684 71 393 784 479 577 290 311 
945 649 296 287 932 10 535 391 298 890 
145 979 870 57 51 541 296 616 907 870 
337 416 657 514 987 789 961 383 129 229 
953 239 863 489 470 842 453 9 847 935 
308 220 132 508 462 388 598 646 82 270 
377 855 958 57 279 368 549 634 251 72 
839 986 749 964 397 630 322 479 712 398 
832 799 838 915 496 743 317 788 55 792 
828 264 275 409 320 937 304 449 156 170 
528 238 478 987 828 741 530 569 563 468 
133 251 233 993 868 153 269 945 226 36 
830 273 569 161 693 639 667 370 889 588 
680 35 806 987 549 208 565 382 334 435 
362 406 629 459 653 975 684 98 756 996 
598 198 606 556 544 556 538 239 875 602 

413 494 348 63 799 352 111 889 914 312 
153 287 888 424 374 650 711 816 111 774 
687 279 191 181 890 484 662 995 718 533 
81 879 959 989 678 424 623 986 66 449 
458 515 486 726 796 398 624 182 153 272 
23 598 392 154 253 691 849 842 414 986 
189 41 786 540 227 14 608 125 948 638 
256 555 60 673 157 75 495 829 687 438 
432 476 101 986 350 733 261 409 956 615 
463 265 182 989 616 194 959 842 223 968 
551 770 650 952 922 603 222 623 879 770 
390 960 485 354 21 581 641 729 143 491 
92 355 213 56 862 166 63 27 859 109 
303 874 914 633 734 888 903 250 679 125 
128 413 79 253 568 96 713 871 597 389 
28 91 661 57 832 191 216 113 301 795 
103 171 356 671 792 536 560 336 91 549 
20 21 893 192 994 111 499 334 422 735 
300 995 390 470 198 525 326 794 944 837 
922 818 292 616 863 783 814 405 641 555 
658 505 64 473 292 465 723 123 713 421 
605 554 100 72 664 653 21 676 491 463 
71 811 393 896 761 428 793 842 911 609 
397 729 483 566 612 543 40 731 575 903 
247 839 53 960 667 147 793 557 375 938 
348 644 192 370 804 78 519 803 145 770 
390 655 72 715 286 873 283 748 7 62 
479 231 285 605 670 382 614 84 245 551 
145 187 357 358 576 598 569 159 605 331 
361 793 706 546 939 388 49 742 10 576 
873 23 913 291 366 308 266 885 435 765 
432 23 355 812 163 806 28 739 288 699 
663 233 768 30 512 667 156 260 667 779 
60 203 511 280 422 346 543 698 514 275 
406 602 390 254 266 221 185 845 127 398 
471 208 21 559 367 707 106 977 109 997 
288 462 582 29 282 101 544 946 612 20 
974 955 954 783 489 655 384 29 521 989 
692 183 301 487 776 649 934 254 974 418 
453 752 711 550 890 611 159 385 598 884 
654 70 25 73 715 414 76 14 315 519 
918 887 763 25 755 649 584 671 547 747 
514 975 570 385 818 57 934 37 549 34 
356 810 998 297 399 401 940 918 790 985 
844 651 1 131 607 31 12 229 321 182 
255 735 594 136 33 214 411 942 2 5 
619 190 396 937 94 842 346 893 488 396 
971 726 70 932 34 580 651 932 969 422 
258 271 80 966 745 524 988 174 36 505 
741 224 57 793 903 580 170 375 193 499 

907 158 440 75 936 753 488 475 464 485 
254 548 227 888 82 292 717 235 519 937 
599 362 998 32 618 944 860 499 231 121 
876 938 746 360 46 818 6 24 749 906 
104 680 220 122 231 897 782 947 566 733 
673 96 589 279 10 976 981 504 635 386 
93 470 16 274 418 716 568 160 76 413 
458 573 863 885 150 185 117 448 783 820 
72 325 82 329 881 842 686 866 461 949 
138 492 253 608 240 162 690 255 968 431 
815 923 432 844 541 930 90 632 851 868 
56 174 669 782 457 171 371 650 719 412 
104 906 155 927 578 176 944 105 174 454 
791 301 338 113 310 381 30 753 70 237 
177 484 114 710 172 514 273 922 198 343 
752 488 829 869 294 692 816 264 375 976 
216 65 177 704 123 759 986 390 105 235 
112 849 767 333 904 365 587 958 483 359 
631 504 170 251 764 982 651 488 689 113 
479 125 101 653 138 653 518 196 645 761 
115 57 30 337 272 571 413 945 907 685 
692 787 811 5 778 626 814 611 879 665 
921 602 757 806 377 193 599 695 266 540 
89 984 332 647 363 956 567 38 400 847 
52 827 407 565 518 159 327 797 608 974 
837 635 581 7 45 88 341 558 778 961 
767 804 945 536 244 766 616 961 162 22 
253 165 788 299 392 632 684 793 742 676 
569 25 11 941 888 715 486 975 381 526 
931 847 668 865 271 927 936 7 584 306 
807 774 950 447 71 11 406 820 312 465 
684 586 125 196 47 414 410 375 981 27 
18 474 482 117 296 943 448 383 111 724 
178 889 988 570 664 285 241 999 559 621 
841 571 963 63 77 363 121 104 45 229 
308 6 708 664 17 877 152 957 176 979 
563 505 72 92 496 612 329 242 847 16 
628 643 127 461 231 991 469 424 140 725 
916 706 25 848 172 683 240 445 944 841 
426 703 29 980 929 865 646 516 145 90 
676 355 804 914 131 620 755 323 834 493 
380 585 969 914 920 285 10 362 463 701 
687 781 960 605 28 570 202 111 686 272 
516 660 200 80 734 732 6 11 514 298 
256 172 232 801 614 965 985 209 577 907 
785 170 779 167 944 551 413 386 357 523 
655 519 112 182 743 436 78 721 101 80 
301 902 508 907 999 915 589 663 814 968 
288 412 378 890 203 324 768 691 974 60 
252 637 566 256 294 460 573 173 749 458 

547 669 623 859 509 351 25 264 581 285 
802 287 674 733 956 829 902 70 878 900 
582 49 156 99 145 303 257 915 684 217 
532 601 566 824 606 418 153 701 402 820 
770 698 370 378 566 13 385 341 462 91 
789 582 683 578 25 95 578 209 99 34 
768 187 49 292 163 303 915 856 318 754 
168 634 48 478 637 519 990 849 295 913 
472 751 553 271 579 190 492 468 570 1 
576 147 477 90 997 444 523 866 94 313 
497 963 525 666 391 286 94 797 564 249 
924 738 241 632 961 661 527 167 913 250 
445 921 211 339 779 123 634 716 774 564 
236 85 95 233 870 694 336 825 100 997 
868 967 443 701 679 131 383 594 6 124 
467 515 85 935 173 371 880 853 393 366 
232 120 71 411 379 580 326 969 354 293 
101 173 244 309 340 285 641 176 308 181 
446 180 13 871 423 527 20 826 189 694 
559 665 305 806 861 25 890 523 487 712 
995 229 833 539 895 112 569 138 149 16 
249 370 321 752 323 272 216 396 46 316 
986 898 149 75 322 449 268 426 558 914 
171 144 18 911 960 303 736 51 388 236 
614 50 208 750 16 260 526 389 636 499 
4 589 957 262 666 614 320 519 700 599 
184 760 149 739 525 599 913 118 63 187 
15 65 848 3 875 659 307 910 337 338 
513 671 896 658 135 833 529 293 618 553 
760 214 225 713 665 878 391 663 438 690 
383 45 448 306 300 756 44 474 921 685 
77 346 403 772 436 150 194 840 504 522 
255 312 286 965 438 324 775 871 399 289 
600 98 990 610 385 602 681 514 314 468 
797 957 544 111 25 120 931 574 896 357 
650 977 250 881 882 306 318 408 762 26 
647 189 795 762 920 122 852 482 424 118 
857 977 519 831 663 926 131 810 515 930 
9 561 318 775 308 516 755 873 614 884 
725 397 132 196 316 295 577 130 91 456 
556 757 36 281 631 642 60 956 238 191 
580 837 579 292 601 933 885 524 192 813 
26 210 856 252 48 529 505 80 866 418 
807 254 529 785 755 209 456 660 598 322 
657 640 887 916 738 736 493 170 64 872 
25 533 742 342 24 995 270 549 443 784 
579 845 527 857 432 190 472 364 406 255 
927 11 746 678 737 878 112 351 725 993 
815 34 459 682 361 74 746 192 359 473 
216 595 508 524 736 548 198 312 441 360 

599 627 55 599 472 946 359 87 150 58 
885 125 318 647 47 462 572 361 464 533 
1 323 581 159 702 251 537 675 970 528 
29 430 599 314 877 115 451 494 212 178 
251 770 580 80 379 508 748 41 87 658 
426 7 904 266 984 726 953 971 875 294 
122 792 248 108 153 170 64 720 476 705 
478 37 387 960 10 756 824 784 505 976 
387 91 573 956 667 424 963 85 906 896 
218 989 573 253 265 820 966 934 477 979 
421 117 569 590 826 676 691 529 923 803 
224 570 59 935 38 719 114 903 579 852 
54 599 233 414 576 801 875 989 204 651 
234 401 938 438 233 914 160 551 761 733 
855 92 885 181 205 401 713 702 16 351 
707 314 239 387 809 44 183 35 619 14 
169 79 306 307 99 279 455 458 316 852 
178 537 558 295 600 884 11 2 54 713 
430 903 262 624 992 147 235 443 537 929 
541 914 933 275 402 612 189 628 285 398 
479 735 851 700 499 596 749 544 198 580 
631 543 231 433 498 878 413 617 540 805 
207 67 514 627 456 723 214 375 788 94 
432 490 267 47 870 550 560 342 840 341 
900 147 701 797 674 407 82 788 119 532 
350 453 229 991 530 706 491 641 182 878 
759 927 818 973 765 591 876 34 552 681 
625 45 552 814 645 241 780 595 470 203 
141 528 967 615 126 46 594 914 519 388 
625 457 627 129 354 730 269 432 534 989 
65 357 264 71 974 274 391 953 758 691 
291 240 338 317 406 360 332 768 291 488 
574 42 16 245 368 724 800 390 736 94 
730 95 128 375 707 96 613 844 280 870 
728 465 800 639 584 776 389 188 942 815 
948 579 548 370 885 835 958 830 997 469 
410 976 143 183 219 238 603 462 634 842 
460 705 331 611 830 937 740 707 572 975 
70 279 836 538 821 339 337 941 987 590 
438 190 43 149 942 99 321 733 475 306 
952 72 590 430 861 362 472 876 393 126 
64 868 990 300 541 353 985 578 501 885 
698 301 727 377 231 526 478 517 177 138 
865 169 646 15 120 41 224 83 18 446 
550 448 847 878 673 259 745 81 407 129 
277 577 144 198 12 233 418 993 393 115 
589 414 875 874 413 832 960 853 174 760 
902 966 94 947 889 700 467 952 137 522 
27 303 86 941 316 203 712 876 27 896 
642 969 351 491 673 655 188 678 399 610 

125 557 6 16 952 492 938 949 1000 816 
495 852 161 382 570 934 542 964 350 557 
70 356 79 616 987 794 337 920 170 581 
622 789 499 546 997 750 795 522 42 645 
396 392 544 263 227 128 973 743 223 143 
612 738 139 611 588 484 932 434 61 491 
219 569 866 354 237 631 83 167 771 474 
795 638 344 395 670 494 501 940 735 748 
120 983 430 497 890 810 588 59 386 650 
35 143 164 62 720 641 895 909 829 231 
155 605 231 540 389 748 420 931 458 678 
327 85 679 564 826 314 865 550 536 375 
968 132 892 715 849 454 469 327 625 280 
893 622 493 853 24 179 607 825 433 766 
365 210 722 891 209 238 9 530 294 898 
96 782 171 212 989 587 427 172 415 811 
478 192 117 840 59 348 554 323 797 839 
824 693 554 697 901 270 670 41 394 136 
191 846 610 874 189 904 466 108 85 461 
488 437 359 744 351 165 221 973 458 467 
506 114 44 585 999 239 775 89 111 281 
465 502 987 169 251 432 515 775 510 396 
359 75 820 576 0 882 412 34 207 312 
731 862 973 825 658 234 974 803 832 225 
986 902 337 384 406 171 569 253 868 80 
172 299 57 10 870 142 736 620 194 246 
215 663 553 61 341 51 828 617 35 888 
203 812 359 468 366 429 282 119 292 691 
147 811 391 993 272 355 932 807 911 195 
570 597 910 394 987 83 544 942 541 125 
956 234 61 389 961 916 105 304 872 913 
756 955 176 613 82 247 869 754 280 331 
423 207 653 708 870 111 334 414 772 19 
944 829 930 903 260 765 107 860 315 641 
423 890 632 837 972 781 458 463 887 548 
656 81 105 81 290 386 281 589 180 955 
901 539 102 836 307 116 697 769 513 106 
930 276 642 953 916 554 928 2 129 957 
268 973 691 946 928 466 464 213 555 216 
869 34 556 94 223 759 331 522 348 77 
791 714 992 11 245 304 140 544 981 264 
52 29 717 365 309 814 231 100 379 726 
83 575 965 738 828 447 982 781 982 458 
193 283 432 246 794 530 866 874 469 402 
146 320 606 505 169 397 632 447 974 599 
420 347 314 828 874 998 217 19 581 926 
151 263 325 35 640 893 179 727 816 800 
151 270 399 162 518 748 0 226 335 618 
240 142 124 63 354 396 661 105 472 478 
938 178 358 532 939 806 296 26 385 168 

794 821 961 962 242 337 559 595 576 323 
888 627 634 365 85 265 204 595 707 138 
131 775 217 750 776 655 662 248 321 391 
253 540 118 781 787 721 833 141 983 654 
675 718 881 386 229 335 283 589 945 849 
833 892 509 56 683 744 588 417 173 750 
55 462 749 945 969 916 624 70 973 67 
938 194 667 374 776 371 404 876 556 709 
293 676 757 361 355 102 595 260 299 485 
272 312 271 463 361 855 24 19 298 361 
227 528 26 300 536 708 229 720 862 289 
753 355 567 704 100 609 503 314 984 371 
862 228 624 237 335 166 777 36 113 757 
992 609 236 557 772 190 564 533 602 982 
818 665 73 194 11 418 240 565 981 646 
899 370 118 109 560 160 798 970 241 568 
816 240 897 236 618 399 47 597 686 401 
431 325 224 243 783 687 117 527 605 36 
629 139 704 918 565 48 230 408 820 711 
837 213 314 819 735 268 680 639 97 667 
138 52 289 583 524 321 233 494 60 348 
558 38 432 927 610 600 776 474 259 52 
774 357 755 889 706 266 434 200 297 66 
162 252 753 927 276 751 365 527 999 573 
142 194 678 748 496 683 321 894 632 871 
539 820 720 740 357 341 598 103 28 246 
301 559 35 341 825 854 410 307 98 326 
711 260 495 842 275 179 839 653 922 878 
640 939 516 220 540 204 300 643 873 602 
216 42 228 759 663 497 521 780 611 932 
805 743 936 237 627 425 953 902 885 547 
996 801 201 850 639 235 976 941 401 788 
825 1 721 815 217 546 937 825 582 129 
556 433 82 779 792 491 540 225 39 423 
788 922 858 944 313 342 525 27 132 162 
176 956 537 121 691 808 191 144 407 411 
531 128 413 605 924 195 967 971 700 40 
255 527 317 969 893 513 724 963 314 64 
514 660 114 816 963 845 11 619 246 331 
706 93 828 270 389 473 824 847 904 373 
465 69 710 242 80 740 940 406 318 391 
581 584 635 731 551 4 967 478 14 393 
185 884 984 766 787 910 946 0 183 706 
372 661 522 889 834 275 75 265 291 387 
887 641 662 617 752 42 37 36 146 398 
455 106 445 151 403 87 792 43 724 648 
858 889 286 484 894 436 448 961 858 374 
741 266 592 587 889 64 728 155 342 372 
767 683 643 557 43 368 67 757 198 54 
550 928 922 400 940 484 930 597 219 730 

447 840 413 682 933 47 649 88 50 672 
171 202 673 176 811 522 592 398 987 12 
414 818 654 469 781 499 216 695 776 703 
260 643 967 630 555 52 331 328 206 346 
415 187 255 51 536 727 113 206 738 891 
435 691 157 985 49 95 71 494 702 802 
877 946 736 448 337 801 306 713 360 563 
397 815 992 443 365 981 937 344 895 302 
890 205 977 32 267 802 747 893 838 413 
271 684 290 313 471 47 495 810 84 375 
67 376 758 4 906 148 531 145 749 744 
365 841 709 112 627 424 213 8 254 289 
258 121 205 799 201 766 127 32 293 863 
403 379 869 89 359 558 432 644 777 485 
280 34 885 104 795 476 806 983 326 579 
508 148 455 683 257 817 314 457 989 442 
299 450 31 255 905 805 687 597 378 155 
405 692 289 933 991 803 508 482 693 728 
56 406 511 302 346 760 81 643 231 938 
793 958 929 23 809 674 264 76 764 615 
166 806 201 415 929 577 162 919 768 133 
421 396 695 537 363 941 463 538 789 382 
579 498 625 982 515 845 280 308 537 951 
635 686 524 121 522 178 24 28 912 312 
568 331 425 350 638 303 810 147 39 128 
524 828 792 19 16 575 970 968 687 526 
389 742 373 17 812 28 278 346 623 125 
702 428 945 96 175 249 291 129 992 482 
295 345 279 70 780 911 890 178 412 595 
96 934 214 167 301 217 182 791 473 608 
488 245 624 538 858 500 473 194 402 597 
90 722 742 967 62 913 150 976 2 208 
911 889 120 668 741 53 35 157 343 426 
544 159 783 12 735 568 503 385 889 149 
972 773 202 602 76 730 545 843 133 503 
468 765 455 69 980 427 124 402 345 609 
115 125 309 987 183 802 585 950 241 13 
187 211 386 871 498 797 981 201 329 422 
476 539 415 580 406 140 397 509 92 300 
69 357 721 546 708 230 387 735 403 798 
774 189 960 389 54 394 724 162 854 176 
381 564 743 997 914 87 984 36 29 396 
93 197 335 252 846 435 732 431 100 949 
704 784 305 432 744 732 905 991 624 74 
134 684 355 875 412 341 435 497 307 443 
900 112 183 43 164 443 145 785 898 395 
107 629 807 512 996 799 87 923 711 378 
29 824 794 90 334 623 164 631 794 648 
189 597 848 779 508 607 51 303 144 10 
965 295 474 379 552 729 901 18 58 983 

399 818 164 960 365 949 197 678 500 422 
200 968 379 455 967 154 240 212 160 594 
365 368 68 554 319 423 348 905 562 471 
334 729 886 253 618 217 725 451 372 111 
205 976 449 633 240 689 319 863 630 525 
927 728 915 454 187 523 599 957 626 54 
220 283 86 308 786 659 34 879 227 444 
828 209 378 280 366 209 623 292 655 854 
14 14 461 204 339 516 84 128 309 493 
285 597 250 582 429 322 883 657 125 63 
967 544 445 978 745 908 137 850 975 863 
364 291 573 995 190 990 700 522 518 58 
81 676 112 314 16 30 344 410 464 790 
919 983 482 372 627 798 852 182 73 318 
934 604 971 7 112 687 761 42 989 978 
114 32 888 692 885 79 707 40 752 137 
753 866 683 313 59 926 20 793 957 921 
264 474 790 818 735 807 573 360 298 338 
230 929 746 406 919 823 189 867 635 980 
990 92 285 275 762 284 262 693 617 233 
740 492 44 753 862 294 731 236 790 351 
914 990 508 607 786 816 873 443 338 707 
733 412 189 980 803 359 441 426 862 948 
662 173 995 67 647 123 275 469 351 617 
464 394 152 240 535 817 377 802 668 229 
140 994 39 182 270 14 59 250 771 24 
432 443 761 773 782 211 996 559 863 490 
47 231 494 17 636 202 421 607 224 280 
188 104 768 809 371 898 545 850 63 221 
313 141 668 161 927 631 861 495 444 232 
344 402 597 81 426 311 72 174 915 347 
998 354 183 680 346 761 940 43 439 669 
859 706 265 462 505 9 945 562 165 48 
588 680 141 303 160 224 392 894 998 541 
321 812 787 850 669 157 372 769 723 838 
178 116 627 316 809 279 91 416 923 51 
309 850 998 786 884 463 970 556 158 458 
489 9 22 719 787 245 146 582 91 956 
354 156 739 235 94 471 740 980 437 367 
530 164 435 423 841 575 456 32 875 583 
821 271 178 18 867 126 896 674 810 756 
248 934 892 371 202 280 296 226 307 23 
431 0 827 891 86 650 980 329 775 532 
351 366 216 697 773 791 133 488 560 672 
190 10 109 150 475 779 968 627 170 656 
329 364 893 487 727 827 521 509 924 32 
602 154 960 29 909 706 432 695 897 579 
16 712 463 440 160 981 122 45 210 786 
741 591 323 422 907 874 719 256 970 485 
47 850 551 391 121 726 922 853 336 58 

63 495 314 374 554 583 675 563 661 523 
946 544 593 299 898 502 556 385 105 83 
112 14 291 108 454 385 337 787 822 782 
81 957 52 180 28 483 434 849 520 354 
72 806 97 821 635 988 542 451 107 636 
284 605 430 349 519 815 420 419 335 549 
664 462 751 305 428 769 554 618 25 986 
400 591 925 838 361 82 368 894 458 70 
21 76 664 522 546 891 202 764 368 607 
38 312 49 762 731 155 269 932 359 357 
992 734 778 872 748 881 728 821 169 896 
217 13 202 837 124 660 745 746 69 489 
182 740 935 447 960 339 750 780 946 249 
176 595 95 582 157 381 376 759 832 408 
481 394 186 550 10 965 884 646 171 676 
107 815 606 235 180 494 326 652 960 636 
629 373 558 427 897 329 20 959 753 776 
483 616 635 623 298 482 636 288 626 559 
490 876 811 209 102 557 713 359 157 884 
61 775 955 100 569 798 563 767 54 430 
154 722 121 170 353 895 736 612 925 409 
485 467 78 697 594 461 291 800 919 723 
367 16 257 464 986 632 66 632 215 422 
515 902 644 926 122 607 832 32 73 66 
719 335 357 938 4 516 741 530 228 420 
539 1 615 820 474 339 583 86 254 910 
512 245 426 519 324 697 586 766 145 147 
555 988 832 740 322 157 680 122 531 526 
949 88 447 660 812 149 256 612 684 320 
136 399 344 923 478 230 471 543 585 412 
189 143 477 299 928 677 397 348 966 669 
403 479 197 804 515 679 158 91 449 653 
79 0 344 84 836 867 173 906 912 955 
953 781 446 908 165 827 835 364 268 848 
782 972 421 391 237 891 493 19 181 121 
889 841 532 861 709 866 289 162 89 296 
655 2 930 457 367 574 668 27 487 451 
726 496 532 357 200 508 789 778 684 828 
808 783 439 600 284 125 352 370 74 607 
784 121 72 953 34 343 968 284 819 419 
752 244 942 761 315 941 828 286 289 317 
382 208 824 363 410 700 558 175 69 441 
974 259 495 927 920 961 473 280 396 450 
545 19 323 895 707 619 375 116 150 246 
572 822 937 698 841 44 278 449 246 225 
285 146 662 59 815 450 704 147 982 994 
652 492 842 129 790 554 774 982 695 686 
16 159 702 904 361 739 448 346 946 663 
364 850 711 995 398 965 949 690 279 211 
732 234 938 850 538 110 30 546 195 647 

