500 10 5

-9 266 432 333 -232 -61 -127 581 229 442 
251 468 261 -96 460 339 -149 611 190 198 
438 760 363 792 184 -68 -135 -245 -147 197 
533 244 -97 -110 -143 468 -160 663 479 275 
685 -147 -12 -114 180 -84 265 291 468 415 
213 437 -35 413 -61 -53 309 -102 -41 341 
790 218 786 475 445 518 331 415 -3 -81 
748 -22 383 340 721 312 231 217 180 -188 
536 425 -30 242 -42 184 -10 176 419 -110 
662 470 460 393 416 410 -2 -68 181 451 
224 -45 209 -14 -153 274 234 356 -162 -5 
438 -71 464 182 491 368 241 -139 490 283 
398 258 326 -89 218 265 -23 421 203 276 
160 301 306 287 296 -157 -117 -82 195 -38 
513 290 210 307 -151 308 -119 -64 546 301 
-90 383 513 220 216 271 -82 356 244 -75 
709 311 197 -152 517 172 472 -25 344 378 
424 -51 443 448 -56 372 364 422 377 269 
310 226 497 -147 -12 -194 351 322 311 270 
-35 420 486 182 324 448 222 462 487 340 
438 464 305 -5 422 436 218 -81 296 376 
-32 -56 284 163 408 292 232 -5 183 429 
442 576 489 312 -80 389 290 397 -62 503 
637 -109 566 -159 -115 253 332 424 606 -41 
316 362 497 170 439 448 347 -87 239 -122 
547 -32 -18 438 228 244 -62 -52 567 -26 
-64 -59 200 -235 410 359 -87 -86 492 421 
528 219 362 198 -170 264 -29 227 431 350 
528 313 488 -142 442 252 -78 -37 -132 227 
329 -167 -92 206 -6 -113 320 -11 463 -150 
479 554 -17 721 209 525 346 -69 455 -141 
500 623 314 165 329 -154 257 -26 246 -14 
255 247 243 335 498 -144 377 -31 480 -61 
685 363 310 259 184 187 501 -119 424 486 
-27 -127 364 200 203 516 561 188 387 345 
409 -40 418 316 244 286 276 175 367 -7 
468 -47 -7 198 210 400 410 203 -50 569 
-143 164 181 327 -36 -129 197 251 -42 -178 
-50 491 296 -49 197 -52 -77 429 -104 -148 
275 391 701 247 -159 225 409 -31 559 446 
435 543 399 425 -101 449 631 -107 -100 225 
-1 177 -116 379 369 -118 -81 -21 -39 -104 
334 204 -49 300 555 235 359 590 358 461 
272 498 363 683 260 252 434 -63 379 408 
207 462 -150 -67 -139 575 -35 250 421 -84 
328 -21 -18 435 660 319 215 -148 660 382 
-51 568 351 -95 413 -112 378 208 430 -9 
-142 -149 226 -324 -91 -105 -153 -77 330 -25 
292 533 604 -146 562 512 -187 374 -118 -161 
510 -123 182 -66 247 -133 345 544 -43 -107 

128362 122191 123175 127890 124394 124511 126915 120316 125359 123843 

126999 122428 125648 121054 125589 
801 165 62 226 424 1 325 383 614 794 
354 375 540 56 75 759 451 911 156 604 
133 987 683 693 813 188 2 141 832 927 
698 442 440 442 668 735 228 805 935 594 
873 145 841 60 983 810 294 868 404 308 
457 306 913 222 397 604 302 633 946 154 
669 527 664 514 873 980 613 571 174 822 
846 674 805 715 384 735 30 590 444 548 
956 825 372 258 606 138 120 396 811 77 
662 768 723 797 549 497 621 475 312 934 
237 866 323 672 826 848 319 549 144 604 
997 848 530 495 965 981 205 997 500 85 
581 585 214 910 320 401 129 255 780 62 
941 966 425 186 468 339 463 95 974 280 
54 580 194 911 431 95 220 314 502 192 
793 856 963 963 123 364 589 435 412 517 
326 159 364 670 548 550 691 291 197 522 
294 648 520 374 650 353 843 375 345 881 
480 939 327 60 958 228 595 163 153 283 
782 482 418 621 830 59 836 623 703 849 
547 864 518 996 261 202 981 423 829 832 
469 323 460 815 271 217 214 140 296 122 
365 225 696 751 25 279 881 935 858 659 
824 500 987 136 734 380 798 872 947 537 
103 402 710 367 954 522 791 16 723 435 
345 610 145 597 145 787 834 479 911 882 
142 507 679 133 99 564 790 481 147 552 
844 278 486 533 806 990 273 53 201 777 
660 825 782 778 605 631 729 295 342 3 
71 35 479 375 962 267 347 810 454 691 
51 769 273 166 221 113 21 719 458 64 
580 523 546 230 336 562 424 382 352 74 
229 612 433 82 462 831 675 895 76 587 
951 488 591 341 673 586 122 309 769 867 
581 802 385 678 781 82 726 219 475 36 
222 628 519 579 758 960 106 266 425 408 
278 280 423 602 503 282 556 625 958 963 
155 297 209 573 838 835 948 252 823 485 
198 831 388 398 651 614 261 692 533 970 
588 62 289 247 8 849 626 898 506 539 
305 426 508 889 175 344 773 217 440 358 
957 951 760 905 200 919 410 174 381 319 
285 286 916 586 629 361 993 292 226 851 
411 217 690 489 75 76 807 371 789 289 
833 991 144 457 826 984 620 432 996 691 
944 128 242 685 930 876 929 702 123 316 
364 935 768 483 754 226 560 610 697 573 
630 74 582 718 622 396 860 622 375 344 
256 573 766 32 710 1 756 922 701 326 
364 320 139 228 71 560 481 147 123 721 

700 696 40 604 257 85 321 943 53 265 
802 232 615 436 581 422 327 121 828 191 
571 497 70 256 605 11 962 608 38 974 
613 964 937 306 139 8 71 610 319 290 
862 418 307 71 913 408 350 474 693 828 
417 312 345 991 352 93 83 317 848 188 
938 705 565 208 255 869 584 886 123 558 
690 486 239 713 836 238 637 57 954 453 
906 731 563 551 408 792 242 118 693 840 
745 259 109 782 202 39 536 439 102 469 
387 634 193 291 399 142 172 812 388 463 
960 870 396 335 451 108 559 859 460 404 
282 101 974 486 358 387 206 897 154 129 
261 621 720 284 509 552 591 522 939 505 
646 913 928 22 252 198 31 814 479 130 
414 38 427 748 925 396 70 145 713 237 
517 484 933 447 857 701 308 901 23 794 
297 198 771 905 803 292 129 241 329 973 
496 284 737 428 272 253 64 989 349 728 
545 67 763 334 62 914 952 285 416 987 
471 729 246 938 538 678 519 777 948 744 
976 754 514 440 980 231 920 216 158 362 
875 944 216 644 58 640 433 390 730 412 
112 9 670 990 859 942 68 215 934 196 
357 579 140 261 388 232 919 959 276 292 
47 83 975 649 692 311 298 186 365 716 
338 202 364 720 621 529 511 361 896 478 
359 517 268 746 61 228 551 498 482 835 
204 803 948 119 858 907 863 429 413 652 
785 828 334 215 132 887 355 194 186 443 
903 97 794 957 856 301 820 634 619 824 
589 171 367 356 307 70 611 990 608 909 
825 774 392 133 87 755 761 830 402 424 
868 677 385 753 695 356 330 964 32 780 
551 232 545 296 158 454 718 473 204 914 
192 912 991 952 23 671 381 406 817 654 
784 789 453 183 982 799 974 33 90 975 
688 676 956 27 181 857 233 195 540 799 
19 903 405 453 326 106 519 651 183 887 
326 783 21 144 70 480 285 97 696 860 
871 774 551 498 322 185 712 750 279 34 
741 153 16 692 889 28 815 51 561 448 
270 200 463 351 203 240 221 24 463 720 
148 494 602 553 986 589 16 195 581 425 
714 482 593 574 108 459 43 454 402 733 
204 607 66 552 164 889 608 190 716 672 
564 716 74 910 11 167 130 925 55 751 
377 647 215 716 441 502 15 890 955 99 
295 151 968 71 411 662 518 866 316 931 
434 447 283 645 906 100 321 66 496 419 

567 294 453 202 497 969 700 546 873 347 
401 809 501 896 53 488 256 924 299 845 
137 525 328 542 733 971 996 305 253 288 
899 918 327 240 314 889 230 599 90 481 
2 468 846 523 221 994 660 603 201 8 
277 935 909 93 652 84 602 206 689 389 
559 235 459 135 225 212 151 829 655 791 
171 716 993 103 440 726 222 451 595 632 
192 260 835 498 200 419 272 297 993 70 
711 695 718 897 368 485 562 812 148 925 
972 625 343 898 694 74 561 156 233 244 
436 190 587 534 653 214 380 344 587 646 
123 955 552 119 11 860 426 785 757 151 
409 866 644 237 774 4 227 182 504 869 
14 870 134 525 627 663 27 546 543 66 
301 227 624 68 852 110 910 834 202 18 
104 781 190 123 936 891 473 481 430 203 
789 168 589 951 713 358 431 455 710 974 
50 914 262 303 239 291 705 363 223 124 
871 336 780 229 276 721 304 443 55 410 
720 890 857 445 477 472 197 272 233 694 
212 67 524 271 550 770 826 478 664 430 
949 394 913 524 609 769 66 467 3 341 
904 806 160 201 66 109 231 9 523 787 
447 604 895 104 86 651 622 996 422 231 
970 113 121 364 112 69 294 415 488 953 
554 161 12 85 463 377 306 351 595 498 
626 592 297 689 646 990 352 925 5 215 
646 356 550 225 802 418 628 628 420 857 
318 324 973 303 675 832 221 330 312 684 
649 467 818 7 729 661 506 108 506 557 
763 360 528 407 788 672 785 764 622 720 
450 61 860 971 3 294 494 566 906 483 
348 99 200 804 411 823 493 440 969 162 
923 370 800 1 749 678 756 373 894 434 
860 338 962 205 339 911 189 256 908 672 
333 470 63 677 784 989 629 928 757 690 
221 873 244 246 92 642 565 138 983 33 
145 124 952 337 482 903 130 335 571 132 
196 469 271 130 327 281 971 94 929 451 
571 819 901 280 677 496 688 418 183 268 
683 907 425 818 273 277 578 820 137 828 
684 993 177 750 64 583 470 791 127 319 
373 615 629 674 337 672 853 951 938 937 
388 290 762 36 511 395 807 119 772 60 
880 453 98 273 736 866 471 620 739 408 
45 223 867 581 739 81 545 425 741 108 
36 904 148 101 811 243 283 561 611 223 
694 167 871 594 338 994 602 409 365 315 
838 348 852 656 618 676 823 142 533 393 

501 288 477 494 238 645 414 905 812 147 
44 883 89 733 542 884 271 773 808 604 
34 410 927 378 870 896 370 164 983 635 
694 290 324 401 598 515 155 770 308 413 
971 40 769 30 116 22 550 275 183 586 
225 611 341 395 87 282 984 281 12 942 
436 78 874 308 203 720 269 945 739 604 
915 711 360 794 828 61 48 42 238 269 
931 770 29 988 335 268 852 396 45 737 
430 842 509 969 915 958 322 645 740 925 
173 483 885 296 842 15 29 474 805 777 
870 389 331 483 468 698 176 702 984 378 
931 322 122 327 179 546 41 537 664 401 
26 769 362 950 321 448 315 440 18 237 
651 955 166 936 766 14 863 402 903 650 
394 361 19 682 887 797 70 722 466 123 
943 802 983 188 250 63 479 461 168 862 
517 181 801 743 303 537 813 243 836 630 
973 734 450 339 949 594 365 589 150 225 
95 351 900 25 539 831 964 85 71 185 
524 735 548 610 48 591 143 293 848 410 
389 614 650 859 745 783 624 122 733 670 
338 919 985 635 778 373 694 746 281 255 
802 20 301 340 745 925 831 850 776 934 
510 347 521 217 918 369 789 486 213 227 
773 408 595 949 183 407 847 976 753 379 
553 791 758 149 916 781 275 230 472 919 
673 131 400 477 840 775 336 584 552 256 
612 995 575 644 600 433 193 419 340 321 
859 116 84 883 21 773 512 58 379 795 
936 872 298 181 918 354 27 953 113 568 
921 987 748 35 298 82 843 931 903 440 
288 256 228 509 985 701 822 179 267 995 
367 295 74 291 803 628 727 353 64 655 
336 361 240 57 46 386 406 593 762 517 
962 558 453 685 380 509 321 387 618 135 
387 776 161 335 76 969 29 798 452 978 
777 647 742 979 845 162 194 914 203 753 
373 470 168 108 393 943 907 236 500 598 
319 498 40 945 680 389 319 443 271 574 
517 556 525 403 947 645 457 781 144 306 
66 3 878 814 779 514 628 888 242 211 
577 895 759 371 195 638 988 401 59 455 
745 617 609 545 276 27 911 329 19 947 
343 146 441 718 283 780 274 681 712 38 
351 658 721 884 456 179 548 582 149 946 
127 726 891 145 378 991 70 558 545 742 
163 707 504 74 314 443 84 578 285 600 
691 739 812 663 515 846 156 897 59 867 
372 768 77 720 837 390 269 767 716 669 

338 267 209 893 602 625 44 889 51 927 
669 280 413 157 736 21 121 573 59 981 
951 707 863 780 498 109 399 367 229 410 
165 734 658 802 701 426 342 929 760 168 
670 218 200 512 152 125 612 921 417 833 
747 976 714 608 208 61 937 77 82 948 
464 742 368 764 56 753 335 705 228 168 
428 561 774 357 880 177 282 299 158 957 
323 834 797 210 329 504 526 92 48 480 
845 950 911 716 888 469 197 434 800 451 
492 192 858 748 306 222 396 866 603 392 
240 889 713 64 242 26 279 621 777 288 
600 686 872 276 306 644 122 425 321 667 
703 935 629 671 160 880 395 902 124 259 
485 546 25 180 569 450 33 88 842 309 
458 465 776 270 731 151 112 662 239 913 
156 21 340 677 168 102 752 437 281 229 
360 821 22 194 217 390 988 898 42 77 
27 281 439 72 105 322 983 510 826 802 
16 612 701 272 695 518 597 646 890 140 
316 244 161 32 575 896 896 552 713 287 
670 224 337 306 130 797 67 369 874 145 
672 920 300 602 676 404 744 314 203 517 
900 572 499 497 734 458 767 572 678 97 
369 776 931 778 309 814 242 191 182 682 
574 865 905 464 475 132 147 913 384 7 
771 524 183 21 711 213 974 918 720 733 
484 858 996 663 299 306 207 62 95 206 
921 743 242 494 46 242 533 154 56 503 
662 24 349 371 444 640 480 664 236 9 
815 717 841 66 442 290 5 160 863 130 
313 499 869 542 422 943 575 422 770 714 
996 854 154 106 944 586 458 285 213 26 
325 885 703 755 581 658 274 443 129 709 
300 994 825 357 490 745 651 372 771 763 
787 103 671 622 820 16 901 289 841 211 
663 986 738 18 526 671 608 969 637 416 
279 641 575 222 166 773 127 62 151 494 
179 387 790 702 200 207 308 599 756 728 
513 610 765 978 428 359 461 112 130 735 
554 178 215 890 7 438 408 834 5 110 
836 804 839 5 525 834 48 449 27 953 
844 742 467 539 569 873 498 948 644 856 
964 629 467 978 154 715 950 697 695 868 
764 785 73 351 518 688 344 520 94 700 
768 958 231 997 766 525 1 519 812 842 
10 501 460 186 694 502 999 921 178 345 
11 836 619 192 382 966 554 870 365 650 
332 287 314 813 778 820 777 961 102 43 
618 648 760 313 812 183 899 183 110 335 

339 85 412 330 203 641 43 33 472 805 
317 48 400 980 67 966 544 58 247 942 
863 247 156 223 54 74 747 259 932 197 
303 562 739 748 491 644 796 957 489 417 
371 110 1 169 50 57 491 954 151 225 
685 964 317 673 587 278 851 233 602 223 
215 160 314 996 248 760 215 245 789 172 
606 605 537 530 752 709 916 776 128 328 
952 424 908 156 216 75 294 774 608 294 
551 818 124 664 336 349 467 367 552 994 
456 526 740 566 595 399 282 925 812 599 
52 657 563 350 877 886 119 483 45 454 
277 658 772 421 845 581 16 115 795 947 
614 157 714 770 922 587 129 110 71 848 
899 967 718 828 95 524 551 849 772 602 
368 614 841 779 48 343 512 686 921 41 
825 2 513 702 830 866 872 973 218 719 
672 71 680 65 342 281 461 363 730 445 
28 649 711 335 782 10 771 64 838 37 
78 724 485 557 506 692 18 749 999 811 
975 338 11 425 380 283 524 937 300 873 
54 11 626 278 211 16 73 527 333 465 
718 897 732 479 126 836 80 431 71 330 
701 278 776 975 786 374 799 526 856 804 
214 655 235 514 716 658 458 538 957 98 
734 593 625 505 284 471 670 584 403 88 
661 267 996 29 724 694 532 783 848 370 
83 441 673 901 522 90 27 397 502 868 
936 618 815 665 215 847 591 118 530 439 
339 767 643 655 427 40 724 455 89 220 
393 903 172 888 37 163 233 44 471 383 
542 759 547 345 183 64 256 577 732 388 
621 402 432 738 218 869 690 840 408 505 
370 884 639 189 547 274 4 353 66 616 
303 944 538 210 518 822 822 806 395 169 
475 32 117 529 995 908 465 190 170 204 
671 526 893 143 909 268 784 510 996 743 
484 909 428 616 67 542 376 25 484 380 
161 461 972 122 459 4 642 882 114 715 
705 229 138 717 716 534 937 388 451 524 
702 197 792 499 166 214 231 394 682 985 
529 906 961 878 672 979 815 370 599 670 
771 674 361 26 769 709 966 528 340 540 
805 797 73 635 596 827 180 228 288 118 
723 96 390 135 621 748 869 474 152 533 
393 680 924 348 585 796 948 424 843 230 
846 926 484 593 790 408 578 268 247 657 
181 691 517 108 33 291 307 144 389 264 
935 452 393 255 711 457 585 450 626 908 
619 911 830 25 426 495 101 926 25 135 

327 708 310 568 646 599 268 231 835 648 
671 324 356 214 733 371 842 697 489 524 
716 571 639 779 317 220 182 567 678 188 
761 603 491 103 532 758 422 271 974 210 
903 749 683 879 406 37 927 477 750 508 
346 35 929 643 317 443 907 177 529 730 
296 321 914 320 692 232 621 820 423 189 
104 957 85 983 546 472 806 960 22 348 
442 538 658 783 706 485 911 910 919 230 
929 383 388 47 220 31 762 1 347 99 
951 241 448 63 373 326 530 663 540 614 
906 1 807 179 923 655 751 49 676 125 
482 764 72 247 489 676 720 720 413 288 
861 722 111 444 568 520 569 497 205 565 
855 760 539 851 381 799 20 555 32 879 
549 431 372 604 797 825 329 650 525 466 
772 183 307 601 502 636 630 793 191 426 
986 73 264 983 185 946 116 974 821 404 
548 648 160 109 780 12 168 173 666 463 
819 821 544 748 750 969 989 18 109 978 
336 16 49 636 775 993 181 271 771 255 
351 441 492 82 823 70 11 301 937 596 
524 276 858 202 616 560 476 537 396 150 
82 801 747 915 490 717 892 327 933 978 
59 708 856 922 392 573 617 931 481 455 
544 254 656 537 202 728 989 403 927 874 
114 952 398 233 49 746 862 333 918 649 
691 618 35 604 274 424 967 803 926 171 
790 202 654 18 383 590 252 151 543 501 
766 795 33 936 746 567 746 343 635 283 
118 447 7 911 636 654 996 771 970 115 
742 974 113 14 314 616 446 603 711 160 
270 358 113 901 766 205 653 342 758 512 
739 688 555 105 503 746 982 852 334 105 
953 373 361 925 43 571 331 25 160 872 
891 75 113 686 8 879 964 225 950 955 
580 343 325 146 486 63 108 946 1 628 
825 125 891 641 152 775 51 529 668 4 
331 517 104 455 825 637 179 130 769 51 
776 744 893 826 466 348 271 889 591 200 
804 927 923 237 329 502 553 677 723 520 
274 401 31 786 806 420 342 411 347 677 
590 98 104 213 488 466 920 764 694 975 
791 899 616 134 310 241 75 670 78 718 
57 152 254 313 62 751 221 99 175 879 
151 256 99 912 984 497 271 975 673 114 
106 609 852 603 77 375 817 417 897 751 
774 387 165 776 169 620 22 612 414 715 
789 659 383 460 231 323 534 436 559 578 
859 207 52 135 526 737 402 523 268 598 

594 875 66 339 40 954 266 753 472 160 
288 197 224 342 595 128 651 597 180 271 
787 705 840 634 644 24 334 429 993 122 
407 632 999 832 680 630 322 989 17 696 
771 13 51 872 935 495 259 117 287 516 
185 641 801 997 200 235 721 574 634 741 
591 764 435 686 671 239 882 253 531 624 
814 218 777 682 447 468 259 664 536 906 
866 761 349 122 26 838 137 171 388 743 
396 604 359 945 238 480 667 841 311 368 
299 116 506 870 71 270 597 418 412 367 
41 919 309 141 849 924 70 588 380 386 
781 781 587 879 567 209 394 215 611 436 
607 533 905 698 628 221 40 707 155 18 
954 101 846 438 104 750 396 956 653 350 
810 143 995 294 319 600 136 772 934 946 
551 721 554 943 509 808 171 158 330 279 
619 267 396 339 175 756 466 813 237 532 
606 902 994 186 160 20 705 967 97 593 
578 210 870 216 705 27 689 631 817 354 
782 171 788 565 595 295 244 187 877 682 
534 363 945 67 492 580 665 285 231 811 
131 378 271 398 913 801 450 315 827 792 
934 32 804 87 534 713 518 858 190 362 
542 533 911 330 32 573 481 172 169 778 
923 436 30 270 108 615 520 716 23 271 
28 961 344 896 531 932 570 214 318 732 
603 466 8 902 902 248 105 195 431 131 
54 243 412 11 770 924 176 52 98 793 
423 294 203 947 329 507 900 360 910 436 
491 757 533 162 473 917 45 566 821 383 
664 104 737 88 98 872 902 974 181 685 
784 224 26 184 681 374 319 208 807 460 
876 684 181 821 179 971 242 297 250 667 
947 95 259 827 129 777 990 57 395 490 
890 275 674 24 745 374 206 770 508 824 
411 376 395 430 411 484 502 660 43 428 
199 104 597 733 216 53 176 134 166 705 
329 58 152 365 199 107 562 767 330 175 
471 34 673 612 931 81 86 818 844 549 
171 445 948 60 601 975 759 317 780 879 
244 957 431 468 573 52 752 208 303 132 
788 372 777 999 745 32 788 909 758 103 
775 975 419 683 87 423 367 406 496 244 
413 20 215 519 310 489 451 215 989 654 
95 172 197 819 144 734 579 91 575 123 
322 363 317 130 306 768 513 714 416 658 
796 402 509 693 71 103 454 633 1 751 
830 903 906 760 53 251 286 503 158 375 
506 866 627 61 416 149 386 682 499 157 

452 36 178 749 530 161 180 748 230 389 
663 875 458 1 240 167 963 843 834 587 
659 755 335 915 561 943 240 792 473 539 
316 70 291 122 618 727 668 978 214 734 
887 683 333 587 322 590 442 602 952 517 
340 121 57 302 117 981 731 191 107 68 
879 273 612 16 860 173 316 328 685 359 
918 206 89 956 292 904 829 668 694 903 
388 167 116 954 593 842 284 944 555 967 
331 768 414 949 107 184 272 957 624 559 
531 343 571 11 75 392 810 930 724 596 
950 617 54 435 859 789 235 93 37 549 
166 941 142 236 684 224 522 400 215 449 
887 284 190 332 597 862 271 79 385 479 
175 558 305 150 847 631 487 579 215 905 
182 780 511 691 230 601 258 808 488 960 
560 603 832 80 680 548 188 406 442 920 
128 994 918 867 88 382 79 349 610 595 
564 180 65 484 180 607 970 543 967 846 
404 791 757 882 946 843 511 112 841 995 
775 725 912 392 184 657 537 58 637 387 
523 590 275 952 869 677 414 754 427 757 
444 538 744 989 435 190 104 787 156 737 
658 78 564 581 527 915 934 729 894 625 
594 290 514 939 372 843 850 312 100 172 
119 491 281 676 820 51 341 638 935 611 
654 189 817 575 754 247 223 819 928 403 
5 163 902 274 488 498 838 70 337 972 
472 645 24 546 101 412 478 408 97 388 
224 96 542 133 29 37 632 765 166 143 
421 894 24 921 89 835 875 908 762 209 
728 945 408 701 37 737 26 794 944 661 
208 503 444 44 852 825 614 416 440 382 
518 783 630 780 407 83 634 445 725 896 
888 964 961 384 436 772 278 201 206 389 
208 41 57 558 290 807 112 881 428 137 
456 785 823 580 339 692 984 231 362 16 
77 439 527 863 579 913 197 874 19 553 
521 431 104 485 214 106 146 984 649 741 
936 719 448 711 615 462 595 926 357 352 
512 204 427 296 488 258 198 787 979 391 
293 265 116 743 536 328 284 908 84 31 
984 973 137 387 994 801 887 907 871 601 
964 131 901 177 192 316 843 165 738 662 
950 523 514 58 399 740 478 538 598 234 
633 653 205 737 102 532 316 973 16 413 
511 895 551 123 529 7 242 594 391 656 
192 131 389 142 324 204 810 664 979 556 
58 29 239 105 895 553 281 946 286 356 
137 28 283 414 469 581 508 813 371 10 

966 162 854 953 993 95 50 526 748 417 
392 917 985 285 576 892 599 764 354 822 
658 286 538 815 218 56 607 163 597 157 
362 765 893 245 398 289 570 512 476 864 
646 193 676 398 811 899 3 141 964 844 
375 288 294 611 731 391 917 843 923 925 
669 573 919 306 535 288 495 698 576 424 
75 842 200 78 791 870 615 277 568 925 
528 623 474 638 475 619 381 691 939 929 
219 858 476 575 666 170 746 266 426 212 
578 142 773 406 601 753 841 678 590 572 
8 171 929 759 82 571 824 110 679 131 
573 752 366 122 185 417 220 908 111 285 
309 192 24 187 652 281 74 491 467 261 
576 143 281 823 536 34 935 948 150 324 
664 216 211 649 4 510 77 565 115 89 
14 807 34 6 548 824 551 445 803 154 
380 300 60 792 37 378 444 290 145 35 
837 13 370 465 133 316 685 749 544 225 
577 600 334 354 95 348 588 987 694 962 
772 735 363 337 643 366 75 579 550 29 
824 800 684 137 53 951 490 505 425 736 
394 582 821 882 680 340 62 157 769 661 
297 911 692 818 274 87 805 385 187 259 
246 44 461 74 373 632 119 761 859 864 
153 534 314 260 679 854 227 6 807 462 
595 734 265 924 75 811 41 196 906 112 
853 265 651 560 79 393 462 409 666 535 
616 633 564 71 104 164 744 292 577 952 
504 2 913 911 653 882 163 18 662 712 
721 557 242 998 687 551 542 926 391 358 
780 234 632 876 962 284 446 868 526 221 
432 906 706 678 756 798 276 520 690 335 
443 84 371 167 208 873 999 426 786 545 
481 109 703 298 276 785 419 669 202 229 
995 448 689 884 966 28 267 980 104 823 
425 713 526 463 623 669 833 858 270 417 
51 984 700 504 899 254 716 144 615 961 
45 311 806 102 507 566 979 292 704 321 
561 558 632 770 129 633 126 928 348 706 
906 348 650 454 128 357 518 646 311 864 
303 528 831 617 303 94 311 224 441 341 
737 124 525 45 838 945 772 547 176 393 
210 489 116 171 733 24 492 461 633 571 
990 915 770 675 295 933 54 353 325 186 
425 215 382 671 798 157 68 269 45 557 
949 182 561 526 836 126 990 936 401 121 
541 372 409 391 680 569 286 250 780 358 
964 676 537 891 609 217 635 14 377 368 
381 486 196 624 3 689 729 652 484 134 

556 736 301 111 704 408 163 315 670 457 
357 916 614 60 373 182 129 767 896 178 
975 226 404 833 575 340 321 580 425 955 
739 473 946 666 630 462 841 2 778 714 
855 768 141 847 325 765 10 162 208 981 
638 184 124 910 332 634 555 55 396 23 
171 310 181 378 600 742 275 601 951 731 
166 659 15 230 577 807 420 862 974 991 
795 938 792 647 59 991 759 627 328 902 
629 510 103 788 73 379 573 783 310 38 
700 342 533 681 300 205 855 69 523 311 
669 887 130 177 103 110 623 985 69 61 
511 331 493 688 307 751 731 797 726 939 
813 341 713 335 15 43 335 850 303 288 
492 577 626 7 768 693 170 199 304 650 
644 258 363 631 924 780 987 221 11 415 
19 345 860 357 174 915 242 575 719 793 
462 663 152 893 471 614 581 911 868 579 
373 665 634 412 254 432 273 281 561 643 
781 83 755 271 873 146 670 703 90 63 
712 67 555 835 405 178 923 591 723 351 
505 178 427 532 72 850 539 892 386 394 
778 173 462 0 153 641 470 370 554 141 
800 585 345 872 956 560 805 585 222 460 
130 236 400 660 637 547 237 406 654 62 
512 540 699 714 48 360 433 943 716 413 
766 113 490 319 636 210 875 838 699 651 
34 953 501 907 776 393 361 537 180 629 
713 507 405 479 354 174 928 271 187 692 
630 483 329 590 868 967 811 934 412 874 
207 472 612 137 798 190 719 608 636 437 
58 31 559 309 70 712 907 315 941 637 
141 847 80 929 279 611 608 990 106 771 
44 530 205 858 339 937 165 37 438 362 
35 725 684 71 393 784 479 577 290 311 
945 649 296 287 932 10 535 391 298 890 
145 979 870 57 51 541 296 616 907 870 
337 416 657 514 987 789 961 383 129 229 
953 239 863 489 470 842 453 9 847 935 
308 220 132 508 462 388 598 646 82 270 
377 855 958 57 279 368 549 634 251 72 
839 986 749 964 397 630 322 479 712 398 
832 799 838 915 496 743 317 788 55 792 
828 264 275 409 320 937 304 449 156 170 
528 238 478 987 828 741 530 569 563 468 
133 251 233 993 868 153 269 945 226 36 
830 273 569 161 693 639 667 370 889 588 
680 35 806 987 549 208 565 382 334 435 
362 406 629 459 653 975 684 98 756 996 
598 198 606 556 544 556 538 239 875 602 

413 494 348 63 799 352 111 889 914 312 
153 287 888 424 374 650 711 816 111 774 
687 279 191 181 890 484 662 995 718 533 
81 879 959 989 678 424 623 986 66 449 
458 515 486 726 796 398 624 182 153 272 
23 598 392 154 253 691 849 842 414 986 
189 41 786 540 227 14 608 125 948 638 
256 555 60 673 157 75 495 829 687 438 
432 476 101 986 350 733 261 409 956 615 
463 265 182 989 616 194 959 842 223 968 
551 770 650 952 922 603 222 623 879 770 
390 960 485 354 21 581 641 729 143 491 
92 355 213 56 862 166 63 27 859 109 
303 874 914 633 734 888 903 250 679 125 
128 413 79 253 568 96 713 871 597 389 
28 91 661 57 832 191 216 113 301 795 
103 171 356 671 792 536 560 336 91 549 
20 21 893 192 994 111 499 334 422 735 
300 995 390 470 198 525 326 794 944 837 
922 818 292 616 863 783 814 405 641 555 
658 505 64 473 292 465 723 123 713 421 
605 554 100 72 664 653 21 676 491 463 
71 811 393 896 761 428 793 842 911 609 
397 729 483 566 612 543 40 731 575 903 
247 839 53 960 667 147 793 557 375 938 
348 644 192 370 804 78 519 803 145 770 
390 655 72 715 286 873 283 748 7 62 
479 231 285 605 670 382 614 84 245 551 
145 187 357 358 576 598 569 159 605 331 
361 793 706 546 939 388 49 742 10 576 
873 23 913 291 366 308 266 885 435 765 
432 23 355 812 163 806 28 739 288 699 
663 233 768 30 512 667 156 260 667 779 
60 203 511 280 422 346 543 698 514 275 
406 602 390 254 266 221 185 845 127 398 
471 208 21 559 367 707 106 977 109 997 
288 462 582 29 282 101 544 946 612 20 
974 955 954 783 489 655 384 29 521 989 
692 183 301 487 776 649 934 254 974 418 
453 752 711 550 890 611 159 385 598 884 
654 70 25 73 715 414 76 14 315 519 
918 887 763 25 755 649 584 671 547 747 
514 975 570 385 818 57 934 37 549 34 
356 810 998 297 399 401 940 918 790 985 
844 651 1 131 607 31 12 229 321 182 
255 735 594 136 33 214 411 942 2 5 
619 190 396 937 94 842 346 893 488 396 
971 726 70 932 34 580 651 932 969 422 
258 271 80 966 745 524 988 174 36 505 
741 224 57 793 903 580 170 375 193 499 

907 158 440 75 936 753 488 475 464 485 
254 548 227 888 82 292 717 235 519 937 
599 362 998 32 618 944 860 499 231 121 
876 938 746 360 46 818 6 24 749 906 
104 680 220 122 231 897 782 947 566 733 
673 96 589 279 10 976 981 504 635 386 
93 470 16 274 418 716 568 160 76 413 
458 573 863 885 150 185 117 448 783 820 
72 325 82 329 881 842 686 866 461 949 
138 492 253 608 240 162 690 255 968 431 
815 923 432 844 541 930 90 632 851 868 
56 174 669 782 457 171 371 650 719 412 
104 906 155 927 578 176 944 105 174 454 
791 301 338 113 310 381 30 753 70 237 
177 484 114 710 172 514 273 922 198 343 
752 488 829 869 294 692 816 264 375 976 
216 65 177 704 123 759 986 390 105 235 
112 849 767 333 904 365 587 958 483 359 
631 504 170 251 764 982 651 488 689 113 
479 125 101 653 138 653 518 196 645 761 
115 57 30 337 272 571 413 945 907 685 
692 787 811 5 778 626 814 611 879 665 
921 602 757 806 377 193 599 695 266 540 
89 984 332 647 363 956 567 38 400 847 
52 827 407 565 518 159 327 797 608 974 
837 635 581 7 45 88 341 558 778 961 
767 804 945 536 244 766 616 961 162 22 
253 165 788 299 392 632 684 793 742 676 
569 25 11 941 888 715 486 975 381 526 
931 847 668 865 271 927 936 7 584 306 
807 774 950 447 71 11 406 820 312 465 
684 586 125 196 47 414 410 375 981 27 
18 474 482 117 296 943 448 383 111 724 
178 889 988 570 664 285 241 999 559 621 
841 571 963 63 77 363 121 104 45 229 
308 6 708 664 17 877 152 957 176 979 
563 505 72 92 496 612 329 242 847 16 
628 643 127 461 231 991 469 424 140 725 
916 706 25 848 172 683 240 445 944 841 
426 703 29 980 929 865 646 516 145 90 
676 355 804 914 131 620 755 323 834 493 
380 585 969 914 920 285 10 362 463 701 
687 781 960 605 28 570 202 111 686 272 
516 660 200 80 734 732 6 11 514 298 
256 172 232 801 614 965 985 209 577 907 
785 170 779 167 944 551 413 386 357 523 
655 519 112 182 743 436 78 721 101 80 
301 902 508 907 999 915 589 663 814 968 
288 412 378 890 203 324 768 691 974 60 
252 637 566 256 294 460 573 173 749 458 

547 669 623 859 509 351 25 264 581 285 
802 287 674 733 956 829 902 70 878 900 
582 49 156 99 145 303 257 915 684 217 
532 601 566 824 606 418 153 701 402 820 
770 698 370 378 566 13 385 341 462 91 
789 582 683 578 25 95 578 209 99 34 
768 187 49 292 163 303 915 856 318 754 
168 634 48 478 637 519 990 849 295 913 
472 751 553 271 579 190 492 468 570 1 
576 147 477 90 997 444 523 866 94 313 
497 963 525 666 391 286 94 797 564 249 
924 738 241 632 961 661 527 167 913 250 
445 921 211 339 779 123 634 716 774 564 
236 85 95 233 870 694 336 825 100 997 
868 967 443 701 679 131 383 594 6 124 
467 515 85 935 173 371 880 853 393 366 
232 120 71 411 379 580 326 969 354 293 
101 173 244 309 340 285 641 176 308 181 
446 180 13 871 423 527 20 826 189 694 
559 665 305 806 861 25 890 523 487 712 
995 229 833 539 895 112 569 138 149 16 
249 370 321 752 323 272 216 396 46 316 
986 898 149 75 322 449 268 426 558 914 
171 144 18 911 960 303 736 51 388 236 
614 50 208 750 16 260 526 389 636 499 
4 589 957 262 666 614 320 519 700 599 
184 760 149 739 525 599 913 118 63 187 
15 65 848 3 875 659 307 910 337 338 
513 671 896 658 135 833 529 293 618 553 
760 214 225 713 665 878 391 663 438 690 
383 45 448 306 300 756 44 474 921 685 
77 346 403 772 436 150 194 840 504 522 
255 312 286 965 438 324 775 871 399 289 
600 98 990 610 385 602 681 514 314 468 
797 957 544 111 25 120 931 574 896 357 
650 977 250 881 882 306 318 408 762 26 
647 189 795 762 920 122 852 482 424 118 
857 977 519 831 663 926 131 810 515 930 
9 561 318 775 308 516 755 873 614 884 
725 397 132 196 316 295 577 130 91 456 
556 757 36 281 631 642 60 956 238 191 
580 837 579 292 601 933 885 524 192 813 
26 210 856 252 48 529 505 80 866 418 
807 254 529 785 755 209 456 660 598 322 
657 640 887 916 738 736 493 170 64 872 
25 533 742 342 24 995 270 549 443 784 
579 845 527 857 432 190 472 364 406 255 
927 11 746 678 737 878 112 351 725 993 
815 34 459 682 361 74 746 192 359 473 
216 595 508 524 736 548 198 312 441 360 

599 627 55 599 472 946 359 87 150 58 
885 125 318 647 47 462 572 361 464 533 
1 323 581 159 702 251 537 675 970 528 
29 430 599 314 877 115 451 494 212 178 
251 770 580 80 379 508 748 41 87 658 
426 7 904 266 984 726 953 971 875 294 
122 792 248 108 153 170 64 720 476 705 
478 37 387 960 10 756 824 784 505 976 
387 91 573 956 667 424 963 85 906 896 
218 989 573 253 265 820 966 934 477 979 
421 117 569 590 826 676 691 529 923 803 
224 570 59 935 38 719 114 903 579 852 
54 599 233 414 576 801 875 989 204 651 
234 401 938 438 233 914 160 551 761 733 
855 92 885 181 205 401 713 702 16 351 
707 314 239 387 809 44 183 35 619 14 
169 79 306 307 99 279 455 458 316 852 
178 537 558 295 600 884 11 2 54 713 
430 903 262 624 992 147 235 443 537 929 
541 914 933 275 402 612 189 628 285 398 
479 735 851 700 499 596 749 544 198 580 
631 543 231 433 498 878 413 617 540 805 
207 67 514 627 456 723 214 375 788 94 
432 490 267 47 870 550 560 342 840 341 
900 147 701 797 674 407 82 788 119 532 
350 453 229 991 530 706 491 641 182 878 
759 927 818 973 765 591 876 34 552 681 
625 45 552 814 645 241 780 595 470 203 
141 528 967 615 126 46 594 914 519 388 
625 457 627 129 354 730 269 432 534 989 
65 357 264 71 974 274 391 953 758 691 
291 240 338 317 406 360 332 768 291 488 
574 42 16 245 368 724 800 390 736 94 
730 95 128 375 707 96 613 844 280 870 
728 465 800 639 584 776 389 188 942 815 
948 579 548 370 885 835 958 830 997 469 
410 976 143 183 219 238 603 462 634 842 
460 705 331 611 830 937 740 707 572 975 
70 279 836 538 821 339 337 941 987 590 
438 190 43 149 942 99 321 733 475 306 
952 72 590 430 861 362 472 876 393 126 
64 868 990 300 541 353 985 578 501 885 
698 301 727 377 231 526 478 517 177 138 
865 169 646 15 120 41 224 83 18 446 
550 448 847 878 673 259 745 81 407 129 
277 577 144 198 12 233 418 993 393 115 
589 414 875 874 413 832 960 853 174 760 
902 966 94 947 889 700 467 952 137 522 
27 303 86 941 316 203 712 876 27 896 
642 969 351 491 673 655 188 678 399 610 


