100 10 10

304 -234 456 -31 -61 -164 498 -124 -47 -48 
344 -189 286 614 435 346 281 572 -86 -1 
297 501 476 -148 -95 -130 -25 -118 271 -245 
299 -80 -224 -66 488 479 538 -8 304 -138 
270 -96 354 320 574 398 -103 -125 396 284 
390 -23 -99 -33 362 385 -242 279 303 -12 
319 378 -31 -24 407 405 258 446 -79 258 
-195 -130 -34 393 347 445 -153 -220 279 -242 
364 -147 -237 -108 559 -42 -194 367 326 371 
-4 -190 -125 591 539 511 -231 -178 -22 -205 

39137 38215 36789 37841 41263 37520 37167 39842 36897 36284 

38517 38108 36930 35648 36748 39428 39048 38078 34301 35100 

322 764 350 539 319 810 996 713 982 495 
389 175 894 959 26 326 528 823 568 533 
486 437 186 800 720 35 686 679 518 967 
43 228 932 852 934 834 273 613 70 518 
30 95 46 46 999 716 44 324 843 55 
451 929 907 659 932 194 316 193 165 372 
620 381 104 78 791 160 50 922 910 116 
327 515 964 625 48 470 257 546 786 416 
746 550 949 740 623 352 282 665 562 990 
666 780 592 337 429 635 713 705 873 269 

183 694 671 834 24 238 100 806 100 330 
437 532 14 335 872 260 354 941 578 213 
810 201 676 713 481 682 796 315 740 54 
612 1 811 123 581 345 979 333 938 773 
265 347 597 38 646 287 594 914 125 785 
277 582 405 618 947 801 943 665 91 974 
63 96 971 303 586 812 258 897 444 399 
562 452 486 45 977 816 562 1000 148 182 
494 644 482 955 74 122 961 38 402 397 
619 515 98 966 686 487 908 640 710 315 

794 939 699 516 181 273 170 720 138 922 
901 440 167 983 410 798 305 608 228 774 
658 231 27 980 181 353 452 457 946 352 
129 397 863 474 878 227 997 814 184 583 
206 748 718 120 79 361 925 246 738 525 
757 954 280 150 148 456 104 728 766 477 
242 395 50 688 867 610 123 210 958 621 
603 677 54 726 959 782 310 811 770 715 
237 336 51 650 443 770 390 7 884 116 
620 635 110 82 658 172 12 206 417 450 

624 509 962 322 355 657 479 346 477 997 
338 60 819 290 415 759 627 180 577 600 
688 324 501 147 237 964 552 577 964 668 
81 521 396 535 142 743 308 588 400 556 
266 517 133 883 490 722 881 767 384 331 
644 253 908 712 930 821 311 921 141 375 
769 188 395 592 209 850 135 674 497 424 
639 52 439 605 539 990 180 217 209 291 
338 880 712 956 624 889 155 593 397 306 
785 478 237 279 134 727 143 310 348 595 

962 780 543 762 827 965 587 935 40 142 
494 539 186 114 709 374 836 782 455 454 
861 870 956 310 96 700 643 278 510 172 
838 428 968 128 790 277 334 628 190 244 
606 185 257 311 926 258 746 684 537 872 
375 526 377 766 237 503 992 532 690 492 
766 859 237 68 697 189 789 15 937 634 
139 654 175 819 585 534 168 935 816 804 
869 886 419 520 992 81 861 433 334 870 
610 443 136 964 592 923 791 235 444 215 

914 120 340 645 961 995 296 194 287 706 
23 863 970 641 891 275 986 304 707 915 
147 362 237 98 682 478 368 608 809 320 
690 780 155 158 879 442 870 58 236 938 
35 993 350 429 359 200 358 688 551 322 
769 279 214 673 664 713 542 562 837 949 
303 55 192 903 315 986 420 939 493 63 
213 469 933 695 198 118 317 179 117 784 
880 495 685 60 239 554 950 207 923 311 
222 281 746 61 646 673 426 15 813 313 

414 618 837 85 108 106 311 218 506 515 
495 945 4 512 207 537 846 238 485 790 
873 222 860 147 528 52 11 768 288 50 
248 180 370 884 978 977 991 154 848 761 
352 856 317 380 562 532 737 199 420 812 
622 100 441 422 431 301 803 452 976 693 
310 69 797 668 783 805 237 392 856 704 
83 755 894 241 903 194 965 884 553 511 
959 77 209 299 585 511 30 5 338 772 
261 848 202 984 718 344 71 876 245 243 

511 555 933 952 468 654 373 545 458 295 
816 679 225 688 893 673 267 954 171 732 
893 845 81 458 750 338 73 290 801 609 
363 195 602 371 433 544 258 935 38 722 
130 126 333 888 897 550 283 407 822 150 
939 162 685 213 918 337 809 843 647 793 
997 837 983 878 851 521 493 235 440 406 
779 837 606 440 25 531 111 886 18 742 
586 436 73 256 848 279 513 430 539 148 
263 348 139 871 992 677 48 541 210 936 

647 8 204 898 349 238 692 742 156 168 
772 276 272 779 955 644 976 921 109 272 
477 300 698 197 396 648 312 640 291 598 
256 537 430 631 952 737 895 847 549 98 
310 189 943 202 662 316 82 471 580 875 
440 993 389 516 840 91 623 815 356 407 
283 796 950 900 797 19 624 9 84 603 
158 223 311 292 428 72 846 350 366 321 
932 357 43 80 957 411 457 685 899 340 
503 674 729 640 493 635 444 162 620 36 

364 707 724 645 278 70 154 566 215 353 
830 58 920 673 414 613 860 538 428 916 
458 512 463 801 243 569 500 556 291 375 
603 193 952 526 106 404 91 666 314 420 
1 198 611 217 424 604 80 799 386 848 
818 697 524 99 677 972 675 655 933 456 
643 983 198 215 671 597 270 515 551 545 
596 498 508 460 261 848 13 24 834 672 
128 229 266 378 471 187 545 963 16 676 
398 104 330 869 597 200 648 391 65 972 

556 736 301 111 704 408 163 315 670 457 
357 916 614 60 373 182 129 767 896 178 
975 226 404 833 575 340 321 580 425 955 
739 473 946 666 630 462 841 2 778 714 
855 768 141 847 325 765 10 162 208 981 
638 184 124 910 332 634 555 55 396 23 
171 310 181 378 600 742 275 601 951 731 
166 659 15 230 577 807 420 862 974 991 
795 938 792 647 59 991 759 627 328 902 
629 510 103 788 73 379 573 783 310 38 

413 494 348 63 799 352 111 889 914 312 
153 287 888 424 374 650 711 816 111 774 
687 279 191 181 890 484 662 995 718 533 
81 879 959 989 678 424 623 986 66 449 
458 515 486 726 796 398 624 182 153 272 
23 598 392 154 253 691 849 842 414 986 
189 41 786 540 227 14 608 125 948 638 
256 555 60 673 157 75 495 829 687 438 
432 476 101 986 350 733 261 409 956 615 
463 265 182 989 616 194 959 842 223 968 

907 158 440 75 936 753 488 475 464 485 
254 548 227 888 82 292 717 235 519 937 
599 362 998 32 618 944 860 499 231 121 
876 938 746 360 46 818 6 24 749 906 
104 680 220 122 231 897 782 947 566 733 
673 96 589 279 10 976 981 504 635 386 
93 470 16 274 418 716 568 160 76 413 
458 573 863 885 150 185 117 448 783 820 
72 325 82 329 881 842 686 866 461 949 
138 492 253 608 240 162 690 255 968 431 

547 669 623 859 509 351 25 264 581 285 
802 287 674 733 956 829 902 70 878 900 
582 49 156 99 145 303 257 915 684 217 
532 601 566 824 606 418 153 701 402 820 
770 698 370 378 566 13 385 341 462 91 
789 582 683 578 25 95 578 209 99 34 
768 187 49 292 163 303 915 856 318 754 
168 634 48 478 637 519 990 849 295 913 
472 751 553 271 579 190 492 468 570 1 
576 147 477 90 997 444 523 866 94 313 

599 627 55 599 472 946 359 87 150 58 
885 125 318 647 47 462 572 361 464 533 
1 323 581 159 702 251 537 675 970 528 
29 430 599 314 877 115 451 494 212 178 
251 770 580 80 379 508 748 41 87 658 
426 7 904 266 984 726 953 971 875 294 
122 792 248 108 153 170 64 720 476 705 
478 37 387 960 10 756 824 784 505 976 
387 91 573 956 667 424 963 85 906 896 
218 989 573 253 265 820 966 934 477 979 

125 557 6 16 952 492 938 949 1000 816 
495 852 161 382 570 934 542 964 350 557 
70 356 79 616 987 794 337 920 170 581 
622 789 499 546 997 750 795 522 42 645 
396 392 544 263 227 128 973 743 223 143 
612 738 139 611 588 484 932 434 61 491 
219 569 866 354 237 631 83 167 771 474 
795 638 344 395 670 494 501 940 735 748 
120 983 430 497 890 810 588 59 386 650 
35 143 164 62 720 641 895 909 829 231 

794 821 961 962 242 337 559 595 576 323 
888 627 634 365 85 265 204 595 707 138 
131 775 217 750 776 655 662 248 321 391 
253 540 118 781 787 721 833 141 983 654 
675 718 881 386 229 335 283 589 945 849 
833 892 509 56 683 744 588 417 173 750 
55 462 749 945 969 916 624 70 973 67 
938 194 667 374 776 371 404 876 556 709 
293 676 757 361 355 102 595 260 299 485 
272 312 271 463 361 855 24 19 298 361 

447 840 413 682 933 47 649 88 50 672 
171 202 673 176 811 522 592 398 987 12 
414 818 654 469 781 499 216 695 776 703 
260 643 967 630 555 52 331 328 206 346 
415 187 255 51 536 727 113 206 738 891 
435 691 157 985 49 95 71 494 702 802 
877 946 736 448 337 801 306 713 360 563 
397 815 992 443 365 981 937 344 895 302 
890 205 977 32 267 802 747 893 838 413 
271 684 290 313 471 47 495 810 84 375 

399 818 164 960 365 949 197 678 500 422 
200 968 379 455 967 154 240 212 160 594 
365 368 68 554 319 423 348 905 562 471 
334 729 886 253 618 217 725 451 372 111 
205 976 449 633 240 689 319 863 630 525 
927 728 915 454 187 523 599 957 626 54 
220 283 86 308 786 659 34 879 227 444 
828 209 378 280 366 209 623 292 655 854 
14 14 461 204 339 516 84 128 309 493 
285 597 250 582 429 322 883 657 125 63 

63 495 314 374 554 583 675 563 661 523 
946 544 593 299 898 502 556 385 105 83 
112 14 291 108 454 385 337 787 822 782 
81 957 52 180 28 483 434 849 520 354 
72 806 97 821 635 988 542 451 107 636 
284 605 430 349 519 815 420 419 335 549 
664 462 751 305 428 769 554 618 25 986 
400 591 925 838 361 82 368 894 458 70 
21 76 664 522 546 891 202 764 368 607 
38 312 49 762 731 155 269 932 359 357 

