100 10 5

-8 389 656 257 -196 -39 215 577 265 328 
376 422 -40 -28 494 368 -32 503 -10 -33 
242 787 508 858 -28 206 -56 -136 -128 229 
538 164 -263 336 -72 482 -29 450 504 -79 
539 245 -36 -103 205 268 -56 202 399 424 
393 464 -22 502 186 -54 -124 -32 -13 186 
575 281 613 615 502 525 407 177 -21 -113 
591 -138 324 284 326 244 253 180 246 -308 
351 351 214 188 377 -58 -1 189 285 -157 
496 215 301 221 243 623 -82 -73 270 429 

38264 34652 35766 33726 34350 35688 36911 36851 35828 39344 

38517 38108 36930 35648 36748 
705 792 364 839 560 550 116 923 494 467 
762 827 757 526 344 859 599 48 210 732 
126 984 969 782 743 340 379 404 434 46 
380 131 59 339 810 952 710 698 580 84 
780 497 272 688 223 830 367 1000 447 336 
785 745 227 820 823 370 711 598 325 61 
280 310 76 906 416 286 888 31 794 61 
590 297 836 765 236 145 791 612 438 575 
568 844 531 840 708 939 772 375 254 83 
200 477 120 391 64 784 138 50 838 380 

277 223 619 804 831 903 805 942 860 807 
997 706 49 461 858 81 104 438 495 909 
114 354 941 381 432 658 841 141 504 62 
163 127 768 633 91 819 155 865 164 255 
830 519 133 24 898 931 364 660 23 885 
322 60 261 451 212 557 610 414 550 329 
482 843 632 992 642 906 6 768 354 80 
224 780 710 253 46 136 43 13 218 129 
378 247 458 356 118 271 404 685 509 899 
217 676 496 160 508 822 346 362 11 353 

659 70 162 341 810 680 816 859 404 251 
547 863 151 124 762 605 261 189 478 501 
129 986 744 254 195 565 553 827 403 418 
403 952 62 906 650 658 516 409 170 218 
54 974 744 368 936 821 200 823 490 669 
586 869 774 714 683 342 609 699 325 269 
170 730 821 451 172 141 624 739 51 679 
717 515 288 829 1 971 92 41 621 234 
62 193 215 245 821 60 700 198 532 914 
344 310 312 817 91 179 355 414 51 488 

943 666 945 495 89 713 469 359 587 656 
521 37 152 254 47 212 948 631 105 589 
139 185 163 932 334 367 147 976 133 150 
628 633 24 715 989 878 900 73 334 349 
925 171 275 714 159 438 23 412 141 740 
322 186 598 968 598 481 507 5 37 658 
249 20 315 261 735 801 330 128 78 445 
273 582 219 794 140 648 406 808 890 380 
527 330 425 479 998 272 193 427 247 754 
227 249 135 553 335 822 818 837 864 149 

208 310 233 288 115 132 20 734 666 53 
118 475 234 514 132 90 881 656 292 300 
738 807 523 749 376 524 945 122 555 902 
367 893 795 539 652 828 871 729 162 382 
172 804 444 419 463 571 276 461 249 464 
966 986 5 523 149 134 82 725 593 27 
601 245 494 216 30 949 771 923 278 226 
231 134 309 782 100 522 788 717 568 934 
789 593 551 270 375 662 211 892 983 37 
295 295 148 513 14 486 97 979 22 347 

201 270 771 351 452 258 349 457 555 33 
601 135 341 419 881 992 15 153 691 183 
566 355 562 512 229 755 110 279 100 782 
636 773 110 606 437 66 433 521 416 257 
947 70 383 590 505 941 586 352 399 92 
918 446 471 360 634 156 178 490 79 914 
64 365 110 697 247 145 535 53 700 874 
860 312 220 13 266 412 802 639 259 910 
607 741 939 795 794 51 785 764 637 334 
865 457 235 985 436 975 458 504 782 833 

997 477 667 71 935 445 249 81 206 546 
755 586 485 535 75 853 320 909 317 1000 
621 840 524 875 551 449 333 823 897 930 
709 134 453 739 155 110 258 655 981 125 
79 245 731 356 723 71 134 219 824 269 
727 584 682 263 759 719 403 349 322 48 
788 839 26 892 883 83 69 133 127 794 
221 280 76 105 803 628 79 815 732 471 
697 948 847 668 676 724 387 911 103 62 
187 820 193 584 326 555 95 254 488 668 

85 254 611 490 238 277 619 329 155 471 
900 391 93 849 700 156 532 510 408 417 
187 283 671 898 714 148 80 779 817 779 
453 835 980 988 437 443 291 465 322 53 
87 838 551 508 84 892 343 152 553 614 
629 414 112 957 551 401 789 452 874 195 
697 739 36 114 732 955 867 571 421 622 
89 679 617 189 476 559 196 14 95 816 
42 891 811 287 789 347 403 43 932 815 
706 181 376 229 36 113 870 748 951 977 

803 788 56 518 258 426 349 790 879 6 
310 364 682 670 58 930 354 734 226 127 
726 726 920 320 412 129 54 264 153 590 
847 47 229 785 926 404 899 856 720 890 
804 373 530 211 918 606 121 448 327 717 
590 852 60 840 46 172 55 408 418 590 
20 410 899 372 483 688 596 63 963 485 
789 291 331 706 99 295 807 363 633 385 
220 376 556 475 660 749 186 272 8 745 
720 245 145 535 29 519 805 654 298 584 

714 953 870 401 508 613 627 447 710 470 
338 101 233 416 687 613 560 910 628 902 
200 445 815 971 808 694 571 266 588 94 
687 648 952 836 689 604 71 23 984 322 
826 854 395 324 255 253 573 8 863 482 
6 316 941 523 56 106 359 86 510 667 
214 501 988 757 854 343 550 492 981 112 
2 938 659 916 77 366 861 390 535 229 
745 26 598 211 537 84 58 344 456 239 
405 683 989 853 921 544 363 386 943 937 

556 736 301 111 704 408 163 315 670 457 
357 916 614 60 373 182 129 767 896 178 
975 226 404 833 575 340 321 580 425 955 
739 473 946 666 630 462 841 2 778 714 
855 768 141 847 325 765 10 162 208 981 
638 184 124 910 332 634 555 55 396 23 
171 310 181 378 600 742 275 601 951 731 
166 659 15 230 577 807 420 862 974 991 
795 938 792 647 59 991 759 627 328 902 
629 510 103 788 73 379 573 783 310 38 

413 494 348 63 799 352 111 889 914 312 
153 287 888 424 374 650 711 816 111 774 
687 279 191 181 890 484 662 995 718 533 
81 879 959 989 678 424 623 986 66 449 
458 515 486 726 796 398 624 182 153 272 
23 598 392 154 253 691 849 842 414 986 
189 41 786 540 227 14 608 125 948 638 
256 555 60 673 157 75 495 829 687 438 
432 476 101 986 350 733 261 409 956 615 
463 265 182 989 616 194 959 842 223 968 

907 158 440 75 936 753 488 475 464 485 
254 548 227 888 82 292 717 235 519 937 
599 362 998 32 618 944 860 499 231 121 
876 938 746 360 46 818 6 24 749 906 
104 680 220 122 231 897 782 947 566 733 
673 96 589 279 10 976 981 504 635 386 
93 470 16 274 418 716 568 160 76 413 
458 573 863 885 150 185 117 448 783 820 
72 325 82 329 881 842 686 866 461 949 
138 492 253 608 240 162 690 255 968 431 

547 669 623 859 509 351 25 264 581 285 
802 287 674 733 956 829 902 70 878 900 
582 49 156 99 145 303 257 915 684 217 
532 601 566 824 606 418 153 701 402 820 
770 698 370 378 566 13 385 341 462 91 
789 582 683 578 25 95 578 209 99 34 
768 187 49 292 163 303 915 856 318 754 
168 634 48 478 637 519 990 849 295 913 
472 751 553 271 579 190 492 468 570 1 
576 147 477 90 997 444 523 866 94 313 

599 627 55 599 472 946 359 87 150 58 
885 125 318 647 47 462 572 361 464 533 
1 323 581 159 702 251 537 675 970 528 
29 430 599 314 877 115 451 494 212 178 
251 770 580 80 379 508 748 41 87 658 
426 7 904 266 984 726 953 971 875 294 
122 792 248 108 153 170 64 720 476 705 
478 37 387 960 10 756 824 784 505 976 
387 91 573 956 667 424 963 85 906 896 
218 989 573 253 265 820 966 934 477 979 


